Cities: 10
0.3234017430025424
0.3234017430025424
0.31245231807605356
Cities: 15
0.26500116470067775
0.2280218048482136
0.2751803378904029
Cities: 20
0.19021395500767385
0.22234980869513146
0.21622716530340041
Cities: 25
0.1728459336309938
0.20032755005560382
0.20819990749459177
Cities: 30
0.17148800380428358
0.170366603038908
0.19822826807599447
Cities: 35
0.14362931401399143
0.13113075671447927
0.1729974741546491
Cities: 40
0.14057052576959342
0.13155412222771293
0.1607212009532147
Cities: 45
0.1295433091583159
0.13319862973667174
0.17169561561963043
Cities: 50
0.11018614648772902
0.11929259381166506
0.14328785503308675
Cities: 55
0.13414535365292313
0.14572898047119479
0.1768711995573676
Cities: 60
0.10874028969468733
0.08197153419774543
0.11813417720604508
Cities: 65
0.10464461396898217
0.12166558295143434
0.1405433084520388
Cities: 70
0.08761480062460095
0.10207347964369563
0.12304133744875925
Cities: 75
0.08920917599275088
0.07938031078440917
0.10354357343945406
Cities: 80
0.08965572511655014
0.08658824336624595
0.13229191535232393
Cities: 85
0.07497910385776624
0.08676099244904814
0.12391246439611352
Cities: 90
0.08457475640246212
0.08647455935202022
0.10066855774679556
Cities: 95
0.08625733113637002
0.08566733360271173
0.10257658952349095
Cities: 100
0.07098853181438144
0.07994317724950073
0.09563235431222275
Cities: 105
0.07309017151932053
0.0708521553084541
0.09407401276545292
Cities: 110
0.07765226446649363
0.07783167683829344
0.08734456486719767
Cities: 115
0.06923151761429823
0.061572481688394534
0.08195905824490299
Cities: 120
0.06274699176901608
0.06359992247278563
0.08453062728077138
Cities: 125
0.06443360522150994
0.06771602358036248
0.08453464527727363
Cities: 130
0.05863891578559616
0.05757705883680975
0.08826173711365562
Cities: 135
0.05940002131245659
0.061289926294407354
0.08339172693060831
Cities: 140
0.0667934832341541
0.05353539586903728
0.09245179115946964
Cities: 145
0.05577790445451597
0.05408032506113365
0.07805823449653859
Cities: 150
0.05614637591951187
0.05111708833254514
0.0804124977308612
Cities: 155
0.058231252737265336
0.05473908179745152
0.07207971549515484
Cities: 160
0.053915647269717044
0.05761113017151962
0.07569774739745201
Cities: 165
0.0522993093171898
0.05690621202957104
0.06951191267601461
Cities: 170
0.05285365348420278
0.04948393652727927
0.06917871872213803
Cities: 175
0.04813961713589028
0.047305546767780614
0.07796098510834604
Cities: 180
0.047420264614248836
0.05087345343714377
0.06061775366787979
Cities: 185
0.04479394808223531
0.04838765531376762
0.07230506488090963
Cities: 190
0.04562762588216987
0.04684198305952772
0.06828287053495931
Cities: 195
0.05068681244911915
0.04668886000778533
0.06250430003653817
Cities: 200
0.04886173846531763
0.045271999174613005
0.07258398064425653
Cities: 205
0.040433035178329434
0.041414219371545005
0.07604858235546003
Cities: 210
0.04489090749198572
0.044088219109653826
0.05898933196241875
Cities: 215
0.03892322714382205
0.04217318249361463
0.05908907771783033
Cities: 220
0.03929585307149905
0.040256407646741675
0.05453878529842609
Cities: 225
0.04263784573476801
0.03990769033225687
0.05947899298693844
Cities: 230
0.03921490132000975
0.040914932446577755
0.06180387407572485
Cities: 235
0.037420812436998026
0.037050801665319016
0.0601406411340264
Cities: 240
0.03901280588987853
0.040763661416710874
0.05482509810191183
Cities: 245
0.03364801645135852
0.039542457796093916
0.05730684977261408
Cities: 250
0.035188162320193915
0.037711631890813176
0.05618404309495935
Cities: 255
0.0361030098755934
0.03242282892323238
0.05757229896678561
Cities: 260
0.034003878996631404
0.03409585150901961
0.04823032132167229
Cities: 265
0.034448768829764685
0.03272497153515452
0.05895770534297194
Cities: 270
0.03150093633417107
0.033135428345241955
0.055206579007819306
Cities: 275
0.03603365283889938
0.036051459879441514
0.052799767411203055
Cities: 280
0.03449379255400938
0.03372169510343297
0.047863405300232274
Cities: 285
0.032101322906965574
0.0326008573726551
0.05089577971356215
Cities: 290
0.03239977179044574
0.032426238356363844
0.055112649585961924
Cities: 295
0.03440385842427252
0.030935553400783897
0.055649842365534774
Cities: 300
0.031146122489381853
0.035489209041335415
0.054646058325816566
Cities: 305
0.031155691363655754
0.02738371364781398
0.0460189793134843
Cities: 310
0.02985375249886829
0.0311707686369506
0.050467282808177055
Cities: 315
0.02953932045297573
0.032853696936989585
0.041871961828202756
Cities: 320
0.029236875448514173
0.028901195873365162
0.045636275646011096
Cities: 325
0.026039061944952188
0.02681305192278627
0.04977474508429401
Cities: 330
0.028692009474496776
0.028873517771756604
0.047850158723424144
Cities: 335
0.028220679688838707
0.0283940406876885
0.04583013106783776
Cities: 340
0.026600214974912828
0.02816039197505707
0.04468622592405709
Cities: 345
0.026340827577657933
0.028792852538254355
0.04092258728206317
Cities: 350
0.0295635858240802
0.026341907421810907
0.044285908908392374
Cities: 355
0.025813811306458462
0.02545551772769753
0.04229833457004231
Cities: 360
0.024600089432650844
0.024896617110376804
0.040801063181232736
Cities: 365
0.02874179456971649
0.0243568782532272
0.044774146647306674
Cities: 370
0.024562254982468567
0.026196523420078183
0.04564416609061297
Cities: 375
0.025706463283043646
0.02568600043680815
0.03855552943223187
Cities: 380
0.02330050405737923
0.025953947331647634
0.04809584407312564
Cities: 385
0.023279632856323524
0.024660435722065152
0.03271943465849556
Cities: 390
0.022540598310550115
0.02373447691738952
0.04298174069341939
Cities: 395
0.022775691031690325
0.02461058062371214
0.03611744017667088
Cities: 400
0.023041574091689356
0.02178610884069143
0.04341179247190927
Cities: 405
0.021955001003759116
0.02208198786232317
0.041613168466818694
Cities: 410
0.022969308050093232
0.022493812298605472
0.04245994276839996
Cities: 415
0.02192606502127939
0.02168076839629419
0.03585822777291913
Cities: 420
0.021872289954694646
0.022353982848167458
0.04574962049615029
Cities: 425
0.02042765717871968
0.0213066250504278
0.042321586718405295
Cities: 430
0.021037023478395575
0.02153358182702513
0.038606088077838996
Cities: 435
0.020126107204206035
0.020270280352711535
0.03517294842655749
Cities: 440
0.020356232650967084
0.02121353392391641
0.03907914180343203
Cities: 445
0.020386384102593705
0.020467264168390356
0.039051509190059765
Cities: 450
0.020313767973959552
0.020188001538583453
0.034747045441975724
Cities: 455
0.020718006447170496
0.021247204548124784
0.033678743627968195
Cities: 460
0.01961024775026373
0.02015894012676799
0.034363797178341364
Cities: 465
0.01964193751079945
0.018749428723243543
0.03435034997093511
Cities: 470
0.01894377328096305
0.019054057457586204
0.03262363766605431
Cities: 475
0.0190853017615282
0.01782655199494878
0.0393266874026553
Cities: 480
0.019414755923030748
0.019693479571332807
0.0413748039265356
Cities: 485
0.01783304267033385
0.01836395673109478
0.029590519178674706
Cities: 490
0.020550880420392482
0.019932380951528928
0.031732716491427684
Cities: 495
0.01918282628712125
0.01983322343026418
0.03482265181986593
Cities: 500
0.016712480746258196
0.017888571209316594
0.033164519005818995
Cities: 505
0.018539885892228318
0.01772414790644844
0.03060465982670219
Cities: 510
0.01802904331468011
0.018086193571499386
0.031713753131259216
Cities: 515
0.016772882991526974
0.017541224352617645
0.033186165360481634
Cities: 520
0.016907782304414688
0.0171691769735836
0.03307069848347534
Cities: 525
0.017181732574137347
0.018267101022950115
0.028011876617640367
Cities: 530
0.01703228027445485
0.017344760251192075
0.03209886678192769
Cities: 535
0.017744509268508554
0.018138415279820942
0.03144620125578299
Cities: 540
0.017485508832617385
0.016522270124315924
0.03333055560256049
Cities: 545
0.01651450658811347
0.01596095475110607
0.030164672623178276
Cities: 550
0.01615073105605599
0.016451924670232373
0.0317271092404963
Cities: 555
0.015744025262883116
0.01612986807256917
0.032283197825807096
Cities: 560
0.016625147603916916
0.015421636519943417
0.0317642774958344
Cities: 565
0.016567971442556485
0.015736968199178903
0.03526419967823802
Cities: 570
0.01481852959688059
0.017025020843237277
0.03022858332255802
Cities: 575
0.01563867668533032
0.0159578591003434
0.027691285691890992
Cities: 580
0.015239692190130737
0.015414394374554028
0.032226859655336004
Cities: 585
0.015600557517486098
0.015696429712116256
0.033254096630780404
Cities: 590
0.015075700817612532
0.015330515898967018
0.033304158775675816
Cities: 595
0.014570492620937923
0.015172070173101957
0.023578622897616683
Cities: 600
0.01440255385354483
0.014985389273539344
0.024976993894587334
Cities: 605
0.014860594897843839
0.014869963199935495
0.028523788246493268
Cities: 610
0.014147245802597684
0.014839362717608478
0.03019781487912728
Cities: 615
0.014744885661311786
0.014067539644707442
0.02504650402230066
Cities: 620
0.014805709155749863
0.01488108262325667
0.02956037547921399
Cities: 625
0.014272182165770742
0.013674716507507439
0.030452058172615933
Cities: 630
0.014639549166488238
0.013896916502729876
0.03188103994545226
Cities: 635
0.014473241566910345
0.014450042156349055
0.03301095364138372
Cities: 640
0.013778251492984216
0.01476552728004318
0.02903144292461143
Cities: 645
0.013462413327745337
0.014010841257694716
0.027009461763914156
Cities: 650
0.01337026863081789
0.013042465247001969
0.03222976598683213
Cities: 655
0.013342672340251448
0.014186622193898739
0.028113831804386737
Cities: 660
0.013326406001181432
0.01413418462096291
0.02767619644763367
Cities: 665
0.012999204689571772
0.013377481017442537
0.03126183005024047
Cities: 670
0.012590140774908805
0.012633569210172009
0.02676999122696435
Cities: 675
0.012533306896094146
0.012314605532282927
0.025114797324247477
Cities: 680
0.012796080601175968
0.013722815135646573
0.02817548373805302
Cities: 685
0.013514018355332946
0.013284873665415992
0.022410075517206907
Cities: 690
0.01367521382662048
0.013116960668280865
0.023743184040823578
Cities: 695
0.011730336790696048
0.012271854842373897
0.025363717245258512
Cities: 700
0.012913595720320283
0.011898384801029428
0.025936203560613522
Cities: 705
0.012600825694327255
0.01244304481489671
0.024296347402943307
Cities: 710
0.01216602403872367
0.012223269728821656
0.024306019996510726
Cities: 715
0.01230657546189533
0.012114065602112267
0.027754473496543034
Cities: 720
0.012624471631299067
0.01202198208072507
0.023585496340108696
Cities: 725
0.012618442040182132
0.011720020057900299
0.026195010277963345
Cities: 730
0.010822137860080103
0.01201719251373319
0.023913756894608593
Cities: 735
0.01249084857095829
0.012437824954557872
0.026710659028444238
Cities: 740
0.012669020623974065
0.011341724644967863
0.022191361270697943
Cities: 745
0.011436394026599982
0.011849096926989577
0.02449066810564678
Cities: 750
0.01207183992481164
0.011730418834547097
0.029717114247194084
Cities: 755
0.011685038246628948
0.01166101812805279
0.02243099650684993
Cities: 760
0.011604086342280344
0.011485653579236787
0.0224500212926354
Cities: 765
0.010691276407070726
0.01075795438188859
0.022850586206976938
Cities: 770
0.011188477552731897
0.01186601010630709
0.02493695168254776
Cities: 775
0.011173328206758907
0.011195039950046469
0.026034668153969914
Cities: 780
0.010939937397932522
0.011281853561801487
0.02455756243767463
Cities: 785
0.010660155311211207
0.011460987710022762
0.02531025286031883
Cities: 790
0.01055829727670279
0.010891378828281227
0.02341464960334921
Cities: 795
0.0109409824599014
0.011000984989932117
0.026096098937666474
Cities: 800
0.011583604141173676
0.010954119757206629
0.022432244900247228
Cities: 805
0.011289547017585064
0.010565284806665123
0.0242262653693474
Cities: 810
0.010494973962143227
0.01047656607660283
0.024726287655176826
Cities: 815
0.0103649157711623
0.010163086078198642
0.0246033985374881
Cities: 820
0.010849105550659717
0.00987771880405446
0.023217953747370377
Cities: 825
0.01009535348534651
0.010590468249949853
0.020270161149925598
Cities: 830
0.010406938461116
0.009767901165370551
0.02154037027191557
Cities: 835
0.010444412144867523
0.010277811585627713
0.022034384076117595
Cities: 840
0.01012203691050256
0.009760304257845564
0.023719147955698416
Cities: 845
0.010205498557370199
0.010151867616805284
0.021025381292985472
Cities: 850
0.010535761595239706
0.009892767290443305
0.024782982530876158
Cities: 855
0.009845013758907919
0.009349353112370678
0.021687110711648437
Cities: 860
0.010001810595876256
0.009872428928019813
0.02499000363019406
Cities: 865
0.01043669405143107
0.010324063174014584
0.023089966311503528
Cities: 870
0.009472729076092907
0.009700491406402034
0.022569248161184396
Cities: 875
0.009720904381073637
0.008921875565359068
0.018871205903071647
Cities: 880
0.009360825109783685
0.00988071392864675
0.021708875239245938
Cities: 885
0.009309447099817545
0.009416346347925514
0.020291340280499674
Cities: 890
0.009812769937959992
0.00934115938785025
0.02268043354697956
Cities: 895
0.009798949570047113
0.009825614951477485
0.02169511536146452
Cities: 900
0.008799306839965663
0.009441273576049698
0.024081482022226455
Cities: 905
0.00962808517383124
0.009413895579464367
0.018792563353705563
Cities: 910
0.008913464015253399
0.008793072897976107
0.021246345560652413
Cities: 915
0.009490356750300789
0.009038452439055964
0.02122587981493706
Cities: 920
0.008984678985760048
0.008843061795141396
0.022153989318600742
Cities: 925
0.008976800276055397
0.00915554333322909
0.02145363452923432
Cities: 930
0.009276325163010867
0.008881544135674031
0.019969586651504098
Cities: 935
0.008872463243486995
0.009175427998708418
0.0209158390114005
Cities: 940
0.008685913351644791
0.0088442654394873
0.022109840835058864
Cities: 945
0.008711081343602097
0.008895393430825285
0.021694794715613797
Cities: 950
0.008856548809314267
0.008641381516291796
0.01919273926294128
Cities: 955
0.008815647591862779
0.008642867154069306
0.023609270106698166
Cities: 960
0.008843124664055835
0.008918544384434658
0.02109057607488571
Cities: 965
0.00870619238815347
0.009012639587771546
0.016896499083073873
Cities: 970
0.008612062867596785
0.008249263348761561
0.020213647546407625
Cities: 975
0.008898184831719525
0.00807220599764031
0.019893571393629496
Cities: 980
0.008462035390246064
0.008399851192631355
0.01944750518874677
Cities: 985
0.00840189202807326
0.008669656764889684
0.021473548230762533
Cities: 990
0.008265159992676047
0.00834423357162756
0.01848305906761497
Cities: 995
0.008236507681502355
0.00826390250725388
0.01806739851995992
Cities: 1000
0.00860215843476913
0.008024634096058914
0.02329981410520196
Cities: 1005
0.008060805586390996
0.00815125634847517
0.021237096749026078