"C:\Program Files\Java\jdk1.8.0_131\bin\java" "-javaagent:C:\Program Files\JetBrains\IntelliJ IDEA Community Edition 2017.2.5\lib\idea_rt.jar=61316:C:\Program Files\JetBrains\IntelliJ IDEA Community Edition 2017.2.5\bin" -Dfile.encoding=UTF-8 -classpath "C:\Users\harsh\Desktop\ABAGAIL-master\bin;C:\Program Files\Java\jdk1.8.0_131\jre\lib\charsets.jar;C:\Program Files\Java\jdk1.8.0_131\jre\lib\deploy.jar;C:\Program Files\Java\jdk1.8.0_131\jre\lib\ext\access-bridge-64.jar;C:\Program Files\Java\jdk1.8.0_131\jre\lib\ext\cldrdata.jar;C:\Program Files\Java\jdk1.8.0_131\jre\lib\ext\dnsns.jar;C:\Program Files\Java\jdk1.8.0_131\jre\lib\ext\jaccess.jar;C:\Program Files\Java\jdk1.8.0_131\jre\lib\ext\jfxrt.jar;C:\Program Files\Java\jdk1.8.0_131\jre\lib\ext\localedata.jar;C:\Program Files\Java\jdk1.8.0_131\jre\lib\ext\nashorn.jar;C:\Program Files\Java\jdk1.8.0_131\jre\lib\ext\sunec.jar;C:\Program Files\Java\jdk1.8.0_131\jre\lib\ext\sunjce_provider.jar;C:\Program Files\Java\jdk1.8.0_131\jre\lib\ext\sunmscapi.jar;C:\Program Files\Java\jdk1.8.0_131\jre\lib\ext\sunpkcs11.jar;C:\Program Files\Java\jdk1.8.0_131\jre\lib\ext\zipfs.jar;C:\Program Files\Java\jdk1.8.0_131\jre\lib\javaws.jar;C:\Program Files\Java\jdk1.8.0_131\jre\lib\jce.jar;C:\Program Files\Java\jdk1.8.0_131\jre\lib\jfr.jar;C:\Program Files\Java\jdk1.8.0_131\jre\lib\jfxswt.jar;C:\Program Files\Java\jdk1.8.0_131\jre\lib\jsse.jar;C:\Program Files\Java\jdk1.8.0_131\jre\lib\management-agent.jar;C:\Program Files\Java\jdk1.8.0_131\jre\lib\plugin.jar;C:\Program Files\Java\jdk1.8.0_131\jre\lib\resources.jar;C:\Program Files\Java\jdk1.8.0_131\jre\lib\rt.jar" opt.test.AbaloneTest
trainingIterations: 500

Error results for RHC
---------------------------
RHC : Optimal = 0.352538, -0.285716, -0.095366, -0.496711, 0.023706, -0.091516, 0.166053, 0.506021, -0.503537, -0.181948, -0.052264, -0.035972, 0.410751, 0.068161, -0.500528, -0.157862, -0.302274, 0.440279, -0.455035, 0.321076, -0.378752, 0.344292, 0.166677, -0.005047, -0.468069, -0.468230, 0.050797, 0.190682, 0.477663, -0.429876, 0.394852, -0.298024, 0.036742, -0.319785, 0.007172, 0.280235, 0.210227, 0.036397, -0.447913, -0.432849, -0.481564, 0.125121, -0.106461, -0.001375, -0.390266, 0.361456, -0.163143, -0.164479, -0.082706, -0.462433, -0.007622, -0.115953, 0.158286, 0.349983, -0.366033, -0.342993, -0.240000, 0.206617, 0.106200, -0.303096, -0.381303, -0.250140, -0.454143, -0.467147, -0.050483, 0.048646, 0.426533, 0.275471, 0.369564, 0.210260, -0.290374, 0.167417, -0.228669, 0.241743, 0.190571, -0.498038, -0.010092, 0.351129, -0.033842, 0.197940, -0.255034, -0.479690, -0.183113, -0.023322, -0.152709, 0.104213, -0.302229, -0.475030, 0.199683, 0.415054, 0.461617, 0.247870, -0.306675, -0.264212, 0.400786, 0.216092, -0.296731, -0.026506, 0.186521, -0.305011, -0.479532, 0.211245, 0.309433, 0.205606, -0.277176, -0.253834, 0.180326, 0.412973, 0.184020, -0.188308, -0.362511, 0.262836, 0.146436, 0.132009, -0.734720, -0.304779, -0.456779, 0.162726, 0.519612

Error results for SA
---------------------------
SA : Optimal = -0.100556, 0.264309, -1.209206, 0.143476, 0.034872, -0.349247, -0.695570, 0.128925, -0.998271, 0.239087, -0.073161, 0.022683, 0.843289, -0.603885, -0.394153, 0.832345, -0.023445, -0.011373, -1.151719, 1.372141, -0.932186, -0.285514, 1.049508, 0.082321, -0.445366, -0.633873, 0.354384, 0.046606, -0.644336, 0.334572, 0.487335, 0.742341, 0.149822, -0.231439, 0.202415, -0.270159, 0.205293, 0.793443, 0.526911, 1.135493, -1.581263, -0.342529, 1.161193, -0.142254, 0.076657, 0.841088, 0.095230, 1.515046, -0.845946, -0.165560, 0.389304, -0.424554, 0.023190, -0.209736, -0.068771, 0.658344, -0.279086, -0.390962, 0.121465, -1.099609, 0.709579, -0.048902, -0.349945, 0.625060, 0.943656, -0.574947, -0.799234, -0.402350, 0.304822, 0.695219, 0.833148, -0.511535, 0.496652, 0.402778, -1.038935, 0.020931, 0.113022, 0.761331, -0.260048, -0.083247, -0.057115, -0.563638, -0.845393, 0.107000, -0.519721, 0.211384, -0.238185, -1.915623, -0.994735, -0.297205, -1.562173, 0.165528, -0.168149, -0.544863, -0.214945, 0.488086, -0.858268, 1.097966, 0.088840, -0.718752, 0.193268, 0.062444, 0.540592, 0.063217, 0.912328, -0.268597, 1.158793, -1.835953, 0.104042, -1.043080, -0.529816, 0.785456, 0.740981, -0.283002, -0.568068, -0.558524, -0.763781, 1.187980, -0.295738

Error results for GA
---------------------------
GA : Optimal = 0.338057, -0.206266, -0.378113, 0.114766, -0.423269, 0.407728, -0.283483, 0.481227, 0.148097, 0.355957, 0.179093, 0.480045, -0.256075, -0.268307, -0.497592, -0.017076, -0.227937, 0.006302, -0.267387, -0.134289, -0.274449, -0.194049, 0.291306, 0.316463, 0.170047, 0.235007, -0.133095, 0.029241, -0.172884, 0.475151, -0.042696, -0.148652, -0.344596, -0.480147, 0.157115, 0.069474, -0.194014, -0.067732, -0.307274, -0.017078, -0.394846, 0.220221, -0.437611, 0.285216, 0.247966, 0.223207, -0.327717, 0.052071, -0.016379, -0.181867, 0.333441, 0.239333, -0.488724, 0.415862, -0.362067, -0.444784, -0.209345, 0.161536, -0.081673, -0.138946, 0.286543, -0.186153, -0.798517, 0.077237, -0.040111, -0.612003, 0.465873, 0.163612, -0.225782, 0.294178, 0.289604, -0.162657, -0.211010, -0.475461, -0.077873, -0.106013, -0.385760, -0.296228, -0.287198, -0.297640, 0.151086, -0.135758, -0.428105, -0.398472, 0.343165, -0.103383, -0.382662, 0.078725, -0.238005, -0.338861, 0.191120, -0.494504, -0.147364, -0.313386, 0.052902, 0.165075, -0.043235, -0.381864, 0.365625, -0.068598, 0.393784, -0.299100, -0.423769, 0.415716, 0.023863, -0.290769, 0.180673, -0.050522, 0.502888, 0.398570, -0.190298, -0.037407, -0.316526, 0.019987, 0.013079, -0.050106, 0.031764, 0.325345, -0.228838

Results for RHC:
Correctly classified 268.0 instances.
Incorrectly classified 290.0 instances.
Percent correctly classified: 48.029%
Training time: 1.430 seconds
Testing time: 0.011 seconds

Results for SA:
Correctly classified 275.0 instances.
Incorrectly classified 283.0 instances.
Percent correctly classified: 49.283%
Training time: 1.360 seconds
Testing time: 0.003 seconds

Results for GA:
Correctly classified 268.0 instances.
Incorrectly classified 290.0 instances.
Percent correctly classified: 48.029%
Training time: 19.295 seconds
Testing time: 0.002 seconds

trainingIterations: 1000

Error results for RHC
---------------------------
RHC : Optimal = 0.303268, -0.292476, 0.045935, 0.331489, 0.051360, 0.050543, 0.185263, 0.490437, -0.240265, 0.418531, -0.497170, -0.303417, -0.009689, 0.252785, 0.349090, -0.153942, -0.479387, 0.050937, -0.186477, 0.182373, 0.387375, 0.113260, 0.480021, -0.028581, 0.282383, -0.165119, -0.241120, -0.149476, 0.456651, -0.410416, 0.190012, -0.154656, 0.013976, -0.445113, -0.595012, -0.024867, -0.302800, -0.297959, 0.212943, -0.492756, 0.157842, 0.341076, 0.353278, 0.144143, -0.267395, 0.396162, 0.221318, -0.028281, -0.220182, 0.163926, -0.280928, 0.377578, 0.892870, -0.074658, -0.090870, -0.491514, 1.151943, -0.386670, -0.124795, 0.433362, -0.349762, -0.038139, 0.119583, -0.416468, -0.113340, -0.268096, 0.056886, 0.230824, -0.243737, -0.133297, 0.192086, 0.075572, -0.193439, 0.082722, 0.126344, -0.002669, -0.225694, 0.100550, -0.378820, 0.248840, 0.191595, 0.086659, -0.430372, -0.218982, 0.182046, -0.322129, -0.127535, -0.424761, -0.343417, -0.085530, -0.101752, -0.171144, 0.439593, -0.356691, 0.417814, -0.409050, 0.208800, 0.468778, -0.352929, -0.022538, -0.484029, 0.127432, 0.306300, 0.408375, -0.429379, 0.241123, 0.409877, 0.404335, -0.084845, -0.236136, -0.162774, 0.356062, -0.402554, 0.079229, -0.396029, 0.337147, -0.044391, -0.346007, -0.072487

Error results for SA
---------------------------
SA : Optimal = -0.608970, -0.806354, -0.322007, -1.907904, 0.808649, 0.128556, -0.603183, -1.034233, 0.582923, -0.710616, 0.003320, -0.938116, 1.066180, 0.475963, 1.033148, 0.514960, 0.499638, -0.092125, 0.269104, -0.897815, 1.456266, -0.324263, 1.052525, -0.013033, 0.558367, -0.722736, 2.055658, 1.333241, -1.563912, 1.426481, -1.138496, -0.402922, 0.073151, 0.304433, -0.175240, 1.164970, -1.739772, 0.376979, -0.807658, -0.575454, -0.412373, 0.007152, 0.452697, -1.325349, 0.771434, -1.617461, -1.400345, 0.764718, 0.695399, 0.422991, 0.757225, -0.325125, -1.890828, -0.166541, 1.662512, -0.604143, -0.454923, 0.252849, 0.859586, -0.761287, -0.104851, 0.908347, 0.768556, 0.760768, -0.763643, -0.274368, 0.091966, -0.376577, -0.672413, -0.411330, -0.226894, -0.515471, -0.440155, -0.985082, -0.078455, -0.896326, 1.133165, -1.776326, -0.683481, -0.804435, -0.074015, 0.579753, 0.969888, -0.344076, 1.026163, 0.356558, 1.542918, 1.356408, 0.670325, -0.225210, -0.424068, -0.349467, -0.053647, 0.958725, 0.146659, 0.161676, -0.312689, -0.014267, -0.101986, 0.652686, 1.358781, -0.115791, -0.531622, 0.979550, -0.212193, 0.790980, 1.266969, 0.959278, 0.490634, -0.412758, 0.644230, -1.054107, 0.302271, 0.549836, 0.509830, -0.116984, -0.130507, -0.035232, 0.558713

Error results for GA
---------------------------
GA : Optimal = -0.401277, -0.237878, 0.116305, -0.163125, 0.839346, -0.480204, -0.367309, 0.491828, -0.351815, -0.229802, -0.019352, -0.138274, 0.084312, 0.024893, -0.007044, -0.058789, 0.224494, 0.352819, -0.058270, -0.331812, 0.116729, 0.252982, 0.176111, 0.433624, -0.306433, -0.339947, 0.538521, 0.384768, 0.044621, -0.015924, -0.401314, -0.280676, -0.109463, -0.265734, -0.464987, 0.152167, -0.121964, 0.473378, -0.714339, -0.572998, -0.230820, 0.136277, 0.152339, 0.217113, 0.541537, -0.828107, -0.329653, -0.228770, -0.216033, -0.027708, -0.084025, -0.225076, 0.300559, 0.232745, 0.452000, 0.408203, -0.068441, 0.971142, 0.062517, 0.451456, 0.333801, -0.047310, -0.183436, -0.329453, -0.161419, 0.376709, 0.026910, 0.261397, 0.321962, 0.308089, 0.410533, 0.133881, -0.107859, -0.025008, 0.181603, 0.363727, -0.202722, 0.174529, 0.259628, -0.470091, 0.211688, -0.300279, -0.268268, 0.019576, 0.224650, -0.353671, -0.345773, -0.178912, 0.152035, -0.155291, -0.232372, 0.114954, -0.175748, -0.306864, -0.070520, 0.222560, -0.680360, -0.219402, -0.058591, -0.343250, 0.259239, 0.402898, 0.129650, -0.127991, 0.341520, 0.262354, -0.293010, -0.415812, 0.107940, -0.084238, 0.640799, 0.347885, 0.188500, -0.077201, 0.112924, -0.002617, -0.185119, -0.117663, -0.294635

Results for RHC:
Correctly classified 270.0 instances.
Incorrectly classified 288.0 instances.
Percent correctly classified: 48.387%
Training time: 1.960 seconds
Testing time: 0.001 seconds

Results for SA:
Correctly classified 268.0 instances.
Incorrectly classified 290.0 instances.
Percent correctly classified: 48.029%
Training time: 2.430 seconds
Testing time: 0.002 seconds

Results for GA:
Correctly classified 268.0 instances.
Incorrectly classified 290.0 instances.
Percent correctly classified: 48.029%
Training time: 41.278 seconds
Testing time: 0.002 seconds

trainingIterations: 1500

Error results for RHC
---------------------------
RHC : Optimal = -0.283525, 0.304525, -0.481128, 0.474464, 0.276977, -0.201148, 0.385578, -0.410592, 0.048538, 0.186570, -0.260553, -0.032632, 0.070222, 0.332356, 0.208509, -0.291630, -0.016301, -0.275887, -1.395244, 0.305713, -0.224126, -0.350111, -0.045836, -0.333731, -0.228816, -0.217432, 0.076788, 0.495827, 0.140027, 0.371595, -0.452013, -0.375001, 0.399332, 0.436411, 0.326235, -0.245619, -0.339190, -0.448255, 0.387497, -0.374728, 0.308568, -0.121661, 0.367114, 0.161594, 0.329175, -0.042817, 0.036537, 0.356173, -0.281846, -0.032092, -0.131353, -0.421954, -0.063139, 0.395382, 0.208532, -0.386668, -2.033405, 0.140014, -0.353980, -0.408085, 0.278518, 0.441413, 0.121784, -0.289506, 0.129529, -0.347258, -0.246039, -0.257193, -0.116309, -0.029912, -0.252386, -0.174314, -0.065915, 0.418673, -0.265802, -0.356426, -0.354612, -0.467672, 0.263196, -0.075235, 0.031848, -0.326366, -0.354314, 0.062116, -0.088166, -0.241427, -0.141648, -0.156087, -0.048909, -0.111001, -0.243486, 0.358402, -0.062492, -0.224828, 0.416021, 0.334361, 0.092133, -0.248029, 0.026410, -0.402814, 0.214281, -0.288345, 0.391515, 0.367802, -0.016922, -0.127599, -0.241269, 0.460847, -0.206648, -0.353454, 0.394476, 0.048891, 0.090790, -0.534910, 0.157086, -0.448923, 0.515849, -0.509296, 0.227437

Error results for SA
---------------------------
SA : Optimal = 0.968103, 1.094870, -0.148916, 0.584972, -0.373142, -1.774610, 0.153223, 1.050311, 0.022503, 0.419940, 0.025231, -0.719156, 0.761948, 0.363860, 1.702115, 1.071277, 0.005243, -0.742830, 0.815407, -1.459954, 0.054453, 0.450146, 0.194556, 0.611073, 0.818736, -0.802185, 0.103996, -0.010002, -0.635803, 0.757710, 0.136521, 1.054493, -1.205625, 1.152595, 0.064378, 0.002450, -0.023259, -1.607012, 1.332737, 0.128915, 1.681034, -0.645835, 0.333316, -0.453244, -0.277455, -0.558000, -1.331827, 0.778791, 1.457966, 1.159266, 1.073998, -0.289653, -0.135839, -0.548460, 0.480978, 1.074291, 2.374699, 0.019264, 1.014254, -0.162138, 1.438594, -0.162956, -0.293607, 0.758489, 0.625714, 0.823193, -0.588592, -1.342474, 1.403697, 1.514493, 0.957722, -0.265007, 1.326012, -0.554573, -1.988087, -0.902531, 0.842930, 0.635103, -0.816248, 0.751315, 1.298210, 0.099630, -1.481052, -0.643162, -2.472602, 1.029466, 0.020564, -0.282179, -1.841831, -0.499098, 0.917016, 0.096494, 0.055588, 0.484870, 0.799458, -0.785325, -1.035489, 0.877688, -1.229266, -0.767985, -0.315585, 0.568519, -1.262509, 0.144635, -0.944002, 0.493704, -0.791366, -0.865963, -1.060993, 0.179543, -0.745952, -0.851293, 0.435118, 0.176409, 0.301351, 0.256910, -0.044080, -0.190860, -1.192141

Error results for GA
---------------------------
GA : Optimal = 0.339550, -0.467921, 0.135492, 0.220715, 0.292822, -0.439405, 0.830284, -0.016644, 0.021312, 0.296796, 0.323015, 0.251839, 0.594169, -0.397073, 0.084886, -0.302137, 0.006706, -0.164120, 0.554450, -0.516058, -0.060103, 0.353473, -0.154755, -0.130142, 0.037679, -0.126450, 0.085627, -0.086979, -0.349902, 0.428136, 0.207549, -0.109583, -0.049368, 0.144073, -0.182221, -0.346119, 0.302354, 0.302423, -0.200714, -0.318002, -0.073490, 0.061701, 0.471936, -0.011457, 0.102572, -0.459819, -0.121958, -0.146124, -0.770470, 0.688022, -0.030521, -0.222869, -0.421812, -0.341840, 0.566046, 0.329059, -0.063611, -0.239556, 0.013104, 0.252490, 0.096805, -0.668172, 0.390282, 0.165370, -0.258475, 0.912093, 0.291071, 0.451824, 0.443498, -0.299524, -0.079739, 0.258837, 0.401836, -0.466649, -0.783387, -0.015607, -0.234318, 1.382628, 0.143279, 0.223727, 0.175629, -0.471238, -0.088506, 0.932568, 0.413457, -0.633655, 0.091598, 0.901736, -0.274658, 0.439115, -0.432737, 0.304422, 0.006442, -0.361310, -0.033780, -0.648623, 0.001848, -0.421709, -0.116398, 0.489566, 0.387537, 0.020513, 0.033181, 0.783966, -0.443481, 0.498606, -0.334497, -0.305047, 0.429416, -0.105445, -0.164950, -0.294557, -0.720307, -0.139687, -0.045454, 0.088245, -0.032750, -0.103649, -0.345932

Results for RHC:
Correctly classified 268.0 instances.
Incorrectly classified 290.0 instances.
Percent correctly classified: 48.029%
Training time: 3.059 seconds
Testing time: 0.002 seconds

Results for SA:
Correctly classified 268.0 instances.
Incorrectly classified 290.0 instances.
Percent correctly classified: 48.029%
Training time: 3.273 seconds
Testing time: 0.002 seconds

Results for GA:
Correctly classified 268.0 instances.
Incorrectly classified 290.0 instances.
Percent correctly classified: 48.029%
Training time: 65.858 seconds
Testing time: 0.001 seconds

trainingIterations: 2000

Error results for RHC
---------------------------
RHC : Optimal = -0.068383, 0.146962, -0.257944, -0.096206, -0.400653, 0.271130, 0.529719, -0.255940, 0.057149, 0.128450, 0.338500, -0.133165, -0.010274, -0.104059, -0.253135, 0.182575, -0.024671, -0.206335, 0.096427, 0.089598, -0.187501, -0.426435, 0.151180, -0.057830, -0.449326, 0.304574, 0.487710, 0.331823, -0.081248, -0.242170, 0.362993, -0.024456, -0.448758, -0.124007, 0.263489, -0.024883, -0.006696, -0.092288, 0.273074, 0.155067, 0.469254, 0.066199, 0.128286, 0.076983, -0.404390, 0.322161, -0.111762, -0.051733, 0.157522, -0.487510, -0.260712, 0.050580, 0.333110, 0.139080, -0.370316, -0.498255, 0.299434, 0.121222, 0.492056, 0.134574, -0.001269, 0.000396, -0.160902, 0.027082, -0.158591, -0.387133, 0.301142, -0.249241, 0.050427, 0.043349, 0.014694, -0.512482, -0.213368, -0.247897, -0.138458, -0.218115, 0.481568, 0.128181, -0.273726, -0.335031, -0.160445, 0.363135, -0.490138, -0.426279, 0.364134, 0.462365, 0.054606, -0.490674, 0.198368, 0.415373, -0.446482, -0.110059, -0.475696, 0.031538, -0.407381, -0.222788, -0.072829, -0.285346, -0.032215, -0.050738, -0.395671, 0.497288, -0.057822, 0.148327, -0.016065, -0.014856, -0.334023, -0.139287, 0.014604, 0.471962, 0.067046, 0.112767, 0.114839, 0.819390, -0.360699, -0.326240, -0.470153, 0.330638, 0.205002

Error results for SA
---------------------------
SA : Optimal = -0.705296, -0.728051, -1.762009, 0.303272, 0.225120, -1.454085, 0.364990, -1.595250, 0.222803, -1.440878, 1.551044, 3.026478, -1.422589, -1.431250, -1.653938, 1.526179, 1.155033, -0.077137, -1.885672, 0.103077, -0.567841, -1.101237, 0.444886, 1.525633, -0.814135, 0.203789, -0.530101, 0.612227, -1.161275, 1.137035, -0.063091, 0.530044, -0.243026, -0.628943, -2.537503, 0.084892, 2.238403, 1.901561, 1.660338, -0.210704, 0.873902, 0.608108, -0.972572, -0.887683, -2.499174, 0.041904, -2.896215, 1.772086, -0.669426, -1.689523, -0.823383, 0.881810, 0.440863, -1.648570, 0.267638, 0.574501, -0.857848, 0.242995, 0.990073, -0.080862, -0.261750, 1.550892, 0.169374, 0.630219, 0.093628, 0.022056, 0.297376, -1.113433, -0.254144, -0.011653, -1.880545, 0.019327, 0.763257, 0.515691, -0.078963, 0.092168, -0.108285, -0.070744, 1.235371, 0.288693, 1.553409, -0.032943, 1.270571, -0.048784, -1.090987, -0.469785, -0.264865, -0.736264, 0.840037, 0.269272, 0.941187, -0.700408, 0.647423, -0.556285, 0.008132, -0.764860, 0.352625, 1.786663, -1.051119, 0.744388, 0.368432, 0.460697, 0.510860, -1.299249, -2.676104, -1.782931, 1.197712, -0.215957, -1.431018, 0.210052, -0.989197, -0.419726, -0.431675, 0.874250, 0.244457, 1.403049, -0.958699, -1.587780, 0.384568

Error results for GA
---------------------------
GA : Optimal = -0.415156, -0.298455, 0.228931, 0.020801, -0.461783, 0.364507, 0.438762, -0.355692, 0.249120, 0.061163, 0.471835, 0.443820, 0.162022, -0.340323, 0.434788, 0.501932, 0.198909, 0.395718, 0.468093, -0.385927, -0.269901, -0.272516, -0.189015, -0.039045, 0.350621, -0.032784, 0.046955, 0.357907, -0.611113, 0.614922, -0.402804, -0.367423, -0.317868, 0.090145, 0.871835, -0.205725, 0.103089, -0.058074, -0.083369, -0.231285, 0.074633, 0.231566, -0.163195, -0.818742, 0.026343, 0.607437, 0.069995, 0.075876, -0.128350, -0.333556, -0.658501, -0.710512, 0.482929, -0.516923, -0.546959, -0.099502, -0.283751, -0.577905, -0.275335, -0.005002, 0.386528, -0.376382, -0.343660, -0.280914, -0.266957, -0.028962, 0.103789, 0.130636, -0.677523, 0.326497, 0.001361, 0.079567, -0.589342, 0.846363, 0.080118, 0.546924, 0.049693, -0.120276, -0.061568, -0.456644, 0.086653, 0.011328, -0.545461, -0.207170, -0.942801, 0.083326, 0.280502, -0.555412, -0.557948, -0.224672, -0.210729, -0.632862, -0.387943, 0.073807, 0.017615, 0.275255, -0.026478, -0.229717, 0.821071, 0.029541, 0.019452, 0.581511, -0.091122, -0.401015, -0.893414, -0.201294, -0.377256, 0.016532, -0.521691, 0.181370, 0.161165, 0.528099, -0.163002, -0.397702, -0.291440, -0.040896, -0.094906, 0.316223, -0.257479

Results for RHC:
Correctly classified 326.0 instances.
Incorrectly classified 232.0 instances.
Percent correctly classified: 58.423%
Training time: 3.675 seconds
Testing time: 0.003 seconds

Results for SA:
Correctly classified 284.0 instances.
Incorrectly classified 274.0 instances.
Percent correctly classified: 50.896%
Training time: 4.236 seconds
Testing time: 0.002 seconds

Results for GA:
Correctly classified 268.0 instances.
Incorrectly classified 290.0 instances.
Percent correctly classified: 48.029%
Training time: 99.754 seconds
Testing time: 0.003 seconds

trainingIterations: 2500

Error results for RHC
---------------------------
RHC : Optimal = 0.362073, 0.053799, 0.428339, -0.352941, -0.185321, 0.056781, -0.072956, -0.044409, 0.174192, 0.380043, 0.496147, 0.118023, -0.293941, -0.121207, 0.388830, -0.121674, -0.088911, 0.216788, 0.323293, 0.410921, 0.451705, 0.149363, -0.404822, -0.368402, -0.039178, -0.158741, 0.057530, 0.058547, 0.198170, -0.356829, 0.343094, -0.071488, 0.469458, 0.607086, -0.360190, -0.316842, -0.158617, -1.188943, 0.121151, 0.092832, -0.522907, 0.360244, -0.153309, -0.128930, -0.173650, -0.016824, 0.050742, 0.381159, -0.203229, 0.002015, -0.008911, -0.690857, -0.358390, 0.115416, 0.169893, 0.127919, -1.790227, -0.184870, -0.133389, 0.076921, 0.227595, -0.370532, -0.136905, -0.345429, 0.337353, 0.109693, 0.237561, -0.256770, 0.015632, 0.134522, -0.117702, 0.134452, 0.120267, 0.345181, -0.071325, 0.225394, 0.617750, 0.119682, -0.238245, -0.145354, -0.152767, 0.758610, 0.032336, -0.496469, 0.098818, -0.224257, 0.151921, -0.433707, -0.125688, 0.257299, 0.264153, 1.548013, 0.480949, 0.153251, 0.110224, -0.135246, -0.037534, -0.268313, -0.365899, 0.269058, 0.202256, -0.067446, 0.485506, -0.208982, -0.238796, -0.030915, 0.445196, -0.369849, 0.098096, 0.325417, -0.126732, 0.095770, -0.390793, -0.107705, -0.375534, -0.572027, -0.340200, -0.317668, 0.156635

Error results for SA
---------------------------
SA : Optimal = 0.467051, -1.145817, -0.330438, 0.371892, 0.385586, -1.138933, -1.053225, 0.704918, 0.526662, 0.619590, -1.676640, 0.809361, -1.596264, -0.196752, 2.715009, -0.706341, 0.931930, 1.576312, 1.735987, 0.333810, -2.308228, 0.883419, 0.986431, -1.452094, 0.111733, -1.207878, -0.643135, 0.044516, -0.069119, -0.986320, -1.104974, -1.156990, 1.376464, 1.785832, 1.873494, 0.261076, -1.327384, 1.520386, 1.120034, -0.276346, -0.044110, 0.372043, -0.770013, -2.066455, 1.811793, 0.920673, -1.284105, 2.628174, -1.853892, 1.939411, 0.168378, 0.204436, -0.647260, 0.588742, 0.038019, -1.471897, -0.879979, 1.906616, -2.726690, -2.794046, -0.080781, 3.697680, -2.296531, 2.115683, 1.265433, 1.252179, -1.603390, 3.846528, 3.441150, -1.252476, 0.592358, 0.665120, 1.114339, 0.515365, 1.107518, 0.475494, 1.570829, 0.968366, 0.722027, 0.491303, -0.450439, 0.446473, 0.306542, -0.141721, -0.141903, -0.873800, -1.466086, 0.302198, -0.880787, 1.427972, 0.193940, 0.106516, -1.643140, 1.234192, -1.635991, 0.817534, 1.559932, 1.638169, -0.855460, -2.413450, 3.255292, -2.034764, 1.089465, 0.354519, -1.021992, 0.479218, -1.474810, 1.240224, 0.246265, -1.833751, 1.053693, 1.019386, 0.779486, 0.396319, 0.331000, 0.246085, 0.018284, -0.265655, -1.007504

Error results for GA
---------------------------
GA : Optimal = 0.217709, 0.052592, -0.011845, 0.614922, 0.252567, -0.261484, -0.122922, 0.192246, -0.343430, -0.031891, -0.238423, 0.325174, 0.376674, -0.357867, 0.265696, 0.319349, 0.130483, 0.020576, -0.080933, -0.279791, 0.262038, -0.073047, -0.303303, -0.282235, 0.131239, 0.457701, 0.357711, 0.481043, 0.185752, 0.415929, -0.320141, -0.271033, -0.160231, -0.147032, 0.055592, 0.290835, -0.093760, 0.291849, 0.218053, -0.748038, -0.055928, 0.171862, 0.193800, -0.582135, 0.175511, -0.326764, 0.158364, -0.230994, 0.392185, -0.416751, 0.178679, 0.285182, -0.971899, 0.799058, 0.035813, 0.250770, 0.045749, -1.058880, 0.268322, -0.494581, 0.094213, 0.172961, 0.490570, -0.360144, -0.056775, 0.043333, 0.145299, 0.139223, 0.230043, 0.359016, 0.288168, -0.285316, 0.027235, -0.018618, 0.521840, 0.103562, 0.466060, -0.401315, -0.298951, 0.414762, 0.586928, 0.321696, -0.176928, -0.154284, 0.379403, -0.156425, -0.311787, -0.206449, 0.050072, 0.838909, -0.687258, -0.494231, 0.351931, 0.462646, -0.055904, -0.281631, -0.244014, -0.050643, 0.157336, 0.184298, 0.212319, 0.400228, 0.149240, 0.430750, -0.377166, 0.224362, -0.087271, -0.305061, -0.550224, -0.499418, 0.002808, -0.211249, 0.298471, 0.094154, -0.141000, 0.102742, -0.303790, -0.068331, -0.335429

Results for RHC:
Correctly classified 301.0 instances.
Incorrectly classified 257.0 instances.
Percent correctly classified: 53.943%
Training time: 4.485 seconds
Testing time: 0.001 seconds

Results for SA:
Correctly classified 268.0 instances.
Incorrectly classified 290.0 instances.
Percent correctly classified: 48.029%
Training time: 6.202 seconds
Testing time: 0.002 seconds

Results for GA:
Correctly classified 268.0 instances.
Incorrectly classified 290.0 instances.
Percent correctly classified: 48.029%
Training time: 91.401 seconds
Testing time: 0.001 seconds

trainingIterations: 3000

Error results for RHC
---------------------------
RHC : Optimal = 0.139800, -0.134647, -0.211885, -0.067779, 0.495203, 0.217631, -0.095361, -0.249360, -0.136045, 0.076308, 0.143532, -0.044806, 0.498585, -0.423717, 0.164614, 0.464594, 0.074545, -0.266241, 0.225500, 0.308511, 0.103444, -0.019267, -0.177973, 0.175469, -0.335787, 0.109709, -0.069278, 0.049782, 0.321531, -0.452597, -0.177400, 0.145764, -0.319873, -0.009049, 0.689321, 0.476656, -0.332521, 1.044706, 0.379114, 0.339142, -0.356225, 0.226512, -0.287789, -0.129023, -0.623179, 0.039921, 0.116450, -0.156616, 0.127093, 0.400186, -0.438533, -0.110097, 0.011235, -0.332499, -0.332822, 0.444675, -0.589455, 0.344023, 0.444546, -0.234313, 0.371627, -0.105822, 0.286290, -0.447731, -0.424803, 0.163112, 0.403367, -0.168790, 0.180146, -0.118954, -0.067864, -0.031205, 0.560875, -0.474638, -0.318626, 0.015995, 0.024652, 0.268423, 0.061679, 0.135698, 0.388692, 0.704914, 0.006334, 0.080763, 0.062923, -0.388470, 0.008340, -0.133307, -0.149042, 0.311933, 1.646472, 0.030063, 0.012884, 0.030300, 0.001626, 0.361949, -0.108432, 0.452900, 0.328254, -0.318861, -0.220423, 0.155105, 0.205409, 0.229712, 0.018175, -0.158379, 0.360743, 0.111640, 0.118177, 0.247995, 0.088805, 0.144840, -0.180866, -0.275483, 0.309292, 0.281254, 0.075011, -0.207440, -0.205652

Error results for SA
---------------------------
SA : Optimal = 0.807596, 0.163629, 0.373863, 0.810063, -0.258989, 1.007173, -0.976675, -0.292268, -0.582891, -0.793301, 1.180842, -0.616388, -0.123859, -1.548571, 1.824473, 0.390937, -0.227046, -0.059617, -0.774967, -0.493956, 0.295053, 2.128231, -0.881787, 1.824277, -0.363976, 0.000982, -1.954292, -0.681419, -0.168462, 1.172516, -0.140736, 0.492627, -1.260687, 2.342103, -1.770329, -0.286550, -0.956591, -1.765810, -0.621687, 0.158661, -0.014911, 1.511601, -1.483059, -0.501614, -0.269050, -0.391085, -0.485065, 0.157761, 0.252461, -0.118377, -1.036165, 0.666360, 1.223576, -2.527371, 0.872555, -0.924034, -0.958122, 1.406141, 0.860297, 0.978887, -0.741073, 0.259842, 1.778857, -0.531558, 0.042273, -0.634601, -0.294459, -0.416780, -0.224471, 0.273277, 0.372423, 0.325355, 0.573502, 1.319212, -0.230578, 0.793589, 0.306927, 0.425683, -0.125958, 0.675077, 1.712384, -0.797508, 1.366339, 0.661320, -1.882606, 1.503876, 0.145163, -1.396517, 0.777112, 1.079654, -0.637428, 0.664915, 0.701500, -0.788708, -2.768985, -1.390384, -0.934742, 1.137476, -2.344936, 3.607258, -0.574878, 0.853113, 0.437484, -2.795589, -0.053717, 0.801698, 1.254259, 1.542846, -0.070977, -0.630403, 4.222787, -1.575796, 0.602521, 0.964647, 1.219963, -0.350145, -0.074038, -0.139330, 1.560554

Error results for GA
---------------------------
GA : Optimal = -0.387433, 0.491591, 0.310124, -0.814962, 0.153539, 0.030234, 0.372224, -0.684989, -0.070190, 0.155613, 0.440791, -0.128249, -0.343524, -0.355910, -0.190243, -0.295258, 0.814716, -0.036381, 0.058962, -0.288533, -0.500740, -0.059914, -0.084138, -0.523466, -0.770576, 0.161371, 0.411267, 0.800137, -0.433979, -0.427396, -0.204981, -0.096056, -0.191713, 0.062913, -0.108709, -0.162095, -0.591603, -0.110847, 0.441579, -0.118274, 0.385904, 0.431445, 0.181461, -0.360329, -0.180340, 0.110346, 0.276161, 1.120161, -0.159856, -0.418262, -0.111531, 0.473014, -0.786139, -0.456755, -0.554605, -0.115676, -0.404544, -0.852635, -0.050501, -0.663306, -0.212322, 0.315592, -0.136686, -0.021872, 0.359638, -0.861113, 0.176442, 0.279040, 0.541785, -0.243956, -0.140506, 0.101035, 0.222078, -0.114416, -0.172667, 0.929714, 0.309646, -0.469592, -0.347433, -0.965103, -0.081501, 0.249744, 0.406725, 0.801065, -0.484406, -0.039793, -0.482028, -0.072684, -0.044070, 0.148104, -0.067470, -0.165012, -0.135210, -0.116975, -0.794066, 0.345796, -0.379864, 0.743728, 0.257843, -0.275526, 0.751174, 0.096013, 0.694000, 0.685055, 1.579870, -0.214907, 0.153314, 0.453213, -0.654196, -0.496032, -0.345943, -0.045051, -1.183291, 0.106899, 0.087838, -0.042534, 0.054901, 0.056029, -0.427271

Results for RHC:
Correctly classified 273.0 instances.
Incorrectly classified 285.0 instances.
Percent correctly classified: 48.925%
Training time: 5.493 seconds
Testing time: 0.002 seconds

Results for SA:
Correctly classified 274.0 instances.
Incorrectly classified 284.0 instances.
Percent correctly classified: 49.104%
Training time: 6.711 seconds
Testing time: 0.001 seconds

Results for GA:
Correctly classified 268.0 instances.
Incorrectly classified 290.0 instances.
Percent correctly classified: 48.029%
Training time: 128.017 seconds
Testing time: 0.003 seconds

trainingIterations: 3500

Error results for RHC
---------------------------
RHC : Optimal = -0.066605, 0.211103, -0.474012, 0.446360, -0.396543, -0.389313, 0.010935, -0.103552, 0.021138, 0.121454, 0.213175, 0.078963, -0.351616, 0.049190, -0.186240, 0.051143, 0.822823, -0.386489, -0.446189, 0.005348, 0.237450, -0.361101, -0.087560, -0.802364, -0.354359, 0.321204, 0.103142, -0.180743, -0.430583, 0.198618, 0.425534, 0.230352, -0.167834, -0.340983, -0.599510, -0.056229, -0.377740, -0.785638, -0.008644, -0.166077, 0.256007, -0.371361, 0.011320, 0.377273, -0.092040, 0.039767, -0.014066, 0.425536, -0.379635, 0.194951, -0.092501, 0.520789, 0.706098, -0.212989, -0.087316, -0.401083, 0.601881, 0.105067, 0.065727, -0.105610, -0.123842, -0.206615, -0.409766, 0.313539, -0.472353, -0.015222, -0.374128, -0.424585, 0.127574, 0.316681, -0.357858, 0.150253, -0.389904, -0.341731, 0.330016, 0.637951, 0.089831, -0.025056, 0.366823, 0.404164, 0.192510, 0.480737, -0.187779, -0.404712, -0.414843, 0.384802, -0.419838, 0.484253, -0.130705, -0.444480, -0.535868, -0.254604, 0.009666, -0.041976, -1.348739, -0.235665, -0.485524, -0.077399, 0.115888, -0.439754, 0.349084, 0.350514, -0.347400, 0.248579, 0.487610, -0.313944, -0.193837, 0.253477, -0.238681, -0.387362, 0.393111, 0.089897, -0.115557, -0.100471, 0.226521, 0.375210, 0.456651, 0.373170, -0.055266

Error results for SA
---------------------------
SA : Optimal = 1.619863, -0.994357, -1.310255, -0.091825, -1.140305, 2.465985, -1.606130, -1.067895, 0.510117, 1.804103, 0.878359, -1.938695, -0.666600, 0.573095, 1.883078, 0.731746, 1.735964, -4.283201, 0.916695, -1.026668, -1.109223, -0.514488, 0.462796, -1.572977, -1.756160, 1.911779, -0.050043, -0.389589, 0.324795, -0.322502, -0.316787, 0.484874, -1.051921, -0.297629, 1.216869, -0.441529, 1.765193, -0.015886, 0.173397, -0.398307, 1.192444, 0.225927, -0.584449, -0.749549, -0.603792, 0.740698, 0.160546, 0.903476, -0.329786, 0.243883, -0.809362, 0.098436, -0.406571, -0.586764, 0.833237, -0.967753, -1.494097, 0.262228, -1.653143, -0.905187, -2.075348, -1.201769, -2.775661, 1.336978, 2.234499, -0.640337, 0.292337, 1.499904, 0.572415, 3.202520, 2.617097, -0.391857, 0.188909, -1.178207, 1.335523, 0.467301, 1.249223, -0.697076, 0.475568, 0.845799, -0.392062, -0.176805, 0.551061, 0.884693, -0.920160, 1.917680, -0.229362, -0.641468, -0.973160, -0.246278, 0.763932, 0.265242, -0.744845, 0.814487, 2.029155, -0.695221, -1.684272, -0.657154, -0.357278, -0.428031, -0.139546, -2.037554, 1.785317, -0.744094, -2.228682, -1.650663, 1.538446, -0.802087, -1.988136, 0.102486, 0.007228, 1.431909, -0.390254, -0.730318, 0.970140, -0.566045, -0.029675, -0.438591, -1.357010

Error results for GA
---------------------------
GA : Optimal = 0.015826, -0.218899, -0.286093, 0.110727, 0.638660, 0.414021, 0.445006, 0.605668, -0.757871, -0.195221, 0.233928, -0.144817, -0.415492, 0.118422, 0.846521, 0.556464, 0.745722, 0.454146, 0.385815, -0.024482, 0.819419, 0.236499, 0.338124, -0.834990, 0.251398, 0.028991, 0.344340, -0.469810, -0.150025, -0.361579, 0.183844, -0.324220, -0.002897, -0.123133, -1.137247, 0.736010, -0.685209, 0.725877, -0.103858, 0.236596, 0.656136, 0.225970, -0.068883, 0.361715, -0.236868, 0.145237, -0.350158, -0.030753, -0.547034, -0.136259, -0.168418, 0.578805, -0.027861, -0.504805, 0.435805, -0.014723, -0.124999, -0.060774, -0.250751, 0.434474, -0.124878, -0.251922, 0.126590, 0.252530, -0.238419, -0.481033, 0.481881, -0.173401, -0.119555, 0.141796, -0.223761, -0.604175, -0.052039, 0.178974, -0.093601, 0.191587, -0.499534, 0.730314, -0.828118, 0.267697, 0.570050, 0.230151, -0.932958, 0.134103, -0.700868, -0.465191, 0.107677, 0.311907, -0.278671, -0.440323, -0.844670, 0.030785, -0.385030, -0.632713, 0.248045, 0.451547, -0.449738, 0.030765, -0.053850, -0.495780, -0.248706, -0.234612, -0.855474, 0.822675, -0.377318, -1.006031, 0.496609, -0.054311, -0.442267, -0.277028, 0.074652, -0.460820, -0.398982, 0.024870, -0.110784, -0.073457, -0.164179, 0.281447, -0.199196

Results for RHC:
Correctly classified 284.0 instances.
Incorrectly classified 274.0 instances.
Percent correctly classified: 50.896%
Training time: 6.942 seconds
Testing time: 0.001 seconds

Results for SA:
Correctly classified 337.0 instances.
Incorrectly classified 221.0 instances.
Percent correctly classified: 60.394%
Training time: 8.279 seconds
Testing time: 0.002 seconds

Results for GA:
Correctly classified 268.0 instances.
Incorrectly classified 290.0 instances.
Percent correctly classified: 48.029%
Training time: 142.965 seconds
Testing time: 0.002 seconds

trainingIterations: 4000

Error results for RHC
---------------------------
RHC : Optimal = -0.064838, -0.459089, -0.054194, 0.119252, -0.337595, 0.211651, 0.141401, -0.016455, 0.486153, 0.427705, -0.330197, 0.370067, 0.264652, -0.088808, 0.444392, 0.142435, -0.044048, 0.457607, 0.388921, 0.007219, 0.300444, -0.412105, 0.395585, 0.439121, -0.403491, 0.338897, 0.053204, -0.004608, -0.185824, -0.139829, 0.363592, 0.117672, -0.316690, 0.103350, 0.071375, -0.221789, 0.065663, 0.039622, 0.421002, -0.382518, -0.125736, -0.478448, 0.124448, -0.363532, 0.038954, 0.117435, 0.114723, 0.099469, -0.466523, 0.185377, -0.132913, 0.407142, 0.769035, 0.164728, -0.384366, 0.313646, -0.254392, 0.327651, -0.135615, -0.358727, -0.045009, -0.309503, -0.077071, 0.436965, 0.472434, 0.184573, 0.361708, -0.107908, 0.344525, -0.158137, 0.376887, -0.239653, -0.112733, -0.014658, -0.264735, 0.358179, 0.092103, 0.399201, 0.013427, 0.353797, -0.495056, -0.318634, -0.278940, -0.242672, -0.117926, -0.003620, -0.443512, 0.088516, -0.190031, 0.507195, 0.162310, 0.135342, 0.221573, 0.064229, -2.437735, -0.355090, -0.332492, 0.289536, 0.125978, -0.249300, -0.083420, 0.336397, 0.130492, 0.385413, 0.385882, 0.481133, 0.477110, 0.149561, 0.267394, -0.019238, 0.353104, 0.221016, 0.025217, -0.025447, -0.174650, 0.136060, -0.189204, -0.454589, 0.361546

Error results for SA
---------------------------
SA : Optimal = 0.573550, 0.019864, -1.235904, -0.060423, 0.014856, -0.446382, 0.405772, -1.226470, 2.528986, -0.689805, 0.651463, 0.032535, 0.110137, 0.001805, -0.178193, -0.813625, -1.209547, 0.175728, -0.013236, -0.652309, 0.104601, -0.992939, -1.648549, 2.051456, -0.264487, -0.890570, -0.174137, 0.361265, -0.151374, 1.039717, -0.858602, 0.279566, -0.600384, -1.111934, 2.702788, 0.220217, -0.793573, -4.597871, -0.249552, -2.203436, 0.090013, 0.701413, 0.512867, 0.906897, 0.656813, -0.986055, -0.499362, 0.791772, 0.383017, -0.322996, -0.689669, -1.151573, 0.633353, 0.038099, 0.152546, 0.498192, 0.133444, 4.788923, -0.777164, 1.496145, -1.157621, -1.420562, -2.244909, -1.320923, 0.868318, 1.672394, -0.089434, -0.055881, 1.218795, -4.242664, -2.676311, -3.720628, -1.699588, -2.354915, 0.578721, 0.153328, -0.632482, 0.682441, -1.456071, 0.205632, -0.629204, -0.264240, 0.911693, -1.955461, -0.438629, -0.163838, 0.381786, 0.316362, -0.223030, 0.131957, -0.161049, -0.778577, -0.396400, 0.370627, 0.767281, -2.507447, 0.867929, 1.999804, 0.845197, -2.701231, -0.581615, -1.328226, 0.066713, -0.612495, -3.190703, -0.210770, -1.982283, 1.429803, -1.098456, 0.752728, -0.008143, -2.390529, 1.495875, -1.416090, -1.077212, -1.109571, 1.833497, 0.320297, -0.243215

Error results for GA
---------------------------
GA : Optimal = 0.118696, -0.510528, 0.230373, 0.124549, -0.466708, 0.576320, -0.373497, 0.183585, 0.257696, 0.305188, -0.360774, 0.148637, -0.241430, -0.622608, 0.390437, 0.324426, 0.175220, 0.318821, -0.600316, 0.674291, 0.461775, 0.407021, 0.333781, -0.277512, -0.680465, 0.362017, 0.502300, -0.540174, 0.007387, 0.674418, 0.346943, 0.090460, -0.017559, -0.070369, -0.188563, -0.415322, -0.283431, 0.125298, 0.314910, -0.081883, -0.523259, -0.371195, -0.469218, -1.136611, -0.153745, -0.571462, -0.587228, 0.296355, 0.140730, 0.384855, -0.298667, 0.904447, 0.483231, -0.806773, -0.154481, 0.470021, 0.349588, 0.079409, 0.139208, 0.080693, -0.051494, -0.301085, -0.567946, -0.051348, 0.615527, 1.109377, 0.664082, 0.648137, 0.492378, 0.112540, -0.329018, 0.889198, -0.254978, 0.727108, 1.089548, 0.524405, -0.660948, 0.251036, -0.471390, -0.239095, -0.106905, 0.023396, -0.209810, -0.312620, -0.163633, -0.490856, 0.165490, -0.720517, -0.827312, 0.089292, 1.317725, 0.749956, -0.346606, 0.109876, 0.047068, -0.200690, -0.969875, -0.043470, 0.345710, 0.941647, -0.298331, 0.648579, 0.730864, -0.354029, -0.151971, -0.433346, 0.144443, -0.581223, 0.131605, -0.302863, 0.245846, 0.062136, -0.228271, -0.432623, 0.149772, 0.132429, -0.275990, 0.000970, -0.273922

Results for RHC:
Correctly classified 304.0 instances.
Incorrectly classified 254.0 instances.
Percent correctly classified: 54.480%
Training time: 7.728 seconds
Testing time: 0.003 seconds

Results for SA:
Correctly classified 286.0 instances.
Incorrectly classified 272.0 instances.
Percent correctly classified: 51.254%
Training time: 9.008 seconds
Testing time: 0.002 seconds

Results for GA:
Correctly classified 325.0 instances.
Incorrectly classified 233.0 instances.
Percent correctly classified: 58.244%
Training time: 190.060 seconds
Testing time: 0.002 seconds

trainingIterations: 4500

Error results for RHC
---------------------------
RHC : Optimal = -0.375529, -0.121419, 0.211128, 0.235479, -0.117032, -0.173501, 0.245885, 0.121146, -0.211542, -0.466639, -0.050549, 0.253828, 0.353277, -0.231527, 0.445190, -0.497456, -0.123150, -0.025383, -0.731562, -0.375776, 0.412078, 0.162187, 0.252352, -0.038433, 0.461323, -0.352949, 0.250224, 0.442570, 0.190066, 0.432420, -0.482374, -0.417656, 0.301583, 0.445534, 0.425921, 0.334955, -0.143399, -1.209075, 0.669952, -0.141194, 0.144364, 0.001681, 0.344363, -0.078525, 0.218005, -0.249326, 0.297068, -0.051110, 0.481892, -0.458550, 0.177149, -0.350494, 0.712785, 0.535401, -0.264402, -0.010020, -1.097438, 0.226753, -0.096699, -0.390935, -0.050471, 0.101519, -0.471510, -0.476882, -0.317434, 0.155104, 0.068193, -0.282589, 0.293170, -0.425257, 0.189391, 0.249645, -0.298333, -0.075385, 0.317298, 0.860401, -0.449305, -0.249666, 0.262476, -0.479202, 0.347330, -0.461473, 0.215278, -0.428886, -0.188967, 0.178741, 0.104380, -0.468351, -0.299875, 0.456431, -0.394700, -0.326140, 0.274893, -0.119135, -0.319973, -0.216559, 0.414715, 0.492488, 0.404877, 0.078594, -0.001977, 0.162490, -0.499096, 0.454373, 0.268539, 0.296708, 0.419695, -0.198329, 0.115298, -0.213330, 0.057073, -0.279307, -0.320666, -0.692259, 0.338058, -0.352070, 0.568384, -0.304494, 0.545346

Error results for SA
---------------------------
SA : Optimal = -2.180481, -0.542736, 2.881593, -0.175498, -1.744441, -0.306199, -0.386038, -2.806401, -0.123501, -0.366860, -1.840859, -2.362760, -2.850931, 1.089748, 3.187035, 0.450770, 1.477077, 0.248187, 2.324816, -0.618213, -0.937904, 0.129785, 0.222010, 0.332910, 0.720401, -0.707498, 0.207737, 1.551694, 1.739010, 0.690522, -0.795212, -0.562551, 1.483247, -4.708356, -0.640450, -0.220560, -0.946152, 1.028587, 0.911281, -1.486019, 1.054176, -0.779027, 0.484078, -0.605568, 1.215371, 1.775233, 3.334235, -1.000176, 0.866815, -0.850222, 0.604590, -0.285482, -1.378453, -2.735918, 0.555426, 0.547730, 0.605307, -1.109066, -0.254884, 0.129961, 0.671394, 1.208181, 0.499880, 1.886004, 0.860050, -0.095756, 0.714028, 2.484072, -0.538596, -0.950240, 0.194512, 0.928755, -1.974368, -0.342633, -0.541986, 0.881247, -1.451817, -1.095134, 0.807991, 0.158388, -0.863357, 0.074984, 1.234003, 0.952427, 1.230593, -1.701483, 1.400810, -0.180244, -0.695764, -0.128104, 0.934337, -1.363715, -0.332881, 0.350943, 0.141945, -0.168803, -2.871367, 3.258527, 2.869099, -0.465458, 2.518387, 0.783936, 0.210859, 0.049221, -2.871226, -2.567542, 0.257864, -1.573367, -2.338523, -0.363712, -2.241575, -0.713248, 0.548139, 0.212223, -0.956890, -1.522416, 1.076925, 0.311685, -0.497421

Error results for GA
---------------------------
GA : Optimal = -0.489847, -0.478353, 0.625305, -0.015361, 0.362561, -0.194989, -0.008699, 0.542329, -0.194980, -1.049342, -0.153323, 0.480609, 0.035375, 0.706766, 0.523887, 0.694978, 0.154758, -0.609021, 0.777268, 0.632729, -0.337197, -0.115791, -0.109174, -1.014234, 0.393778, -0.611529, -0.824081, 0.358733, 0.225897, 0.043704, 0.058017, 0.121439, -0.192888, -0.578454, -0.244722, -0.517458, 0.252383, -0.051268, 0.563269, -0.092402, -1.044800, -0.205107, -0.665060, 0.364502, 0.283334, -0.521621, -0.311964, 1.018535, 1.092788, -0.263181, 0.000729, 0.024681, -0.109891, -0.153344, -0.484504, 0.258734, -1.020680, -0.020719, 0.724409, -0.015652, -0.480881, -0.832790, -0.294486, 0.332090, -0.101336, -0.154730, -0.145189, -0.515675, 0.205148, -0.452509, -0.079450, 0.401617, 0.853759, 0.758593, -1.529527, 0.166084, -0.313967, -0.061734, 0.330992, -0.844783, -0.081042, -0.995185, -0.385678, 0.395859, -0.663067, -0.212236, -0.491521, 0.160772, -0.488596, -0.392967, 0.956924, 0.924275, -0.035253, -0.134864, -0.946751, 0.580705, 0.297758, 0.225794, 0.757342, -0.542378, -0.273593, -0.136914, -0.393920, 0.833413, 0.048835, -0.476616, -0.292981, -0.527642, -0.641280, 0.113724, -0.049850, -0.473651, 1.091339, -0.090676, -0.175233, -0.060778, -0.022803, 0.310886, -0.376093

Results for RHC:
Correctly classified 286.0 instances.
Incorrectly classified 272.0 instances.
Percent correctly classified: 51.254%
Training time: 8.547 seconds
Testing time: 0.001 seconds

Results for SA:
Correctly classified 275.0 instances.
Incorrectly classified 283.0 instances.
Percent correctly classified: 49.283%
Training time: 10.507 seconds
Testing time: 0.002 seconds

Results for GA:
Correctly classified 268.0 instances.
Incorrectly classified 290.0 instances.
Percent correctly classified: 48.029%
Training time: 184.220 seconds
Testing time: 0.002 seconds

trainingIterations: 5000

Error results for RHC
---------------------------
RHC : Optimal = -0.405595, 0.129967, 0.033347, 0.126226, -0.330933, 0.166991, 0.474914, -0.419116, -0.031999, -0.192574, 0.308888, -0.226607, -0.017549, 0.273267, 0.341132, -0.129896, -0.327535, 0.396050, 0.295928, -0.095937, -0.067168, -0.461511, 0.117481, -0.052423, -0.047823, 0.265130, -0.313379, -0.344345, -0.352845, -0.144339, 0.166272, 0.094003, -0.366374, 0.215109, 0.191205, 0.330549, -0.272067, 0.779400, -0.190418, 0.198584, -0.222305, -0.110215, 0.255029, -0.033553, -0.355133, -0.312386, 0.160062, 0.013498, -0.126618, 0.168649, 0.276795, -0.144599, -0.206760, 0.092105, -0.410047, 0.243868, -1.419085, 0.002711, -0.255833, -0.032658, -0.011337, 0.056703, -0.188669, 0.142901, 0.075017, -0.033713, 0.335001, 0.354281, -0.444195, 0.219077, -0.112728, 1.406715, 0.498372, 0.229214, -0.350867, -0.299667, -0.339984, -0.089514, -0.132568, 0.165685, -0.583798, -0.266809, -0.135563, 0.404756, -0.793256, -0.202911, -0.027472, 0.710126, -0.468372, 0.725108, -0.183645, -0.868467, -0.433663, -0.048471, 1.306308, 0.053936, -0.432104, 0.093512, 0.334455, -0.415575, -0.110042, -0.339699, -0.446318, 0.196067, 0.030924, 0.152584, 0.108303, 0.133407, -0.278808, -0.471608, -0.412201, 0.092302, 0.195347, -0.287996, -0.571271, 0.425734, -0.251698, 0.196308, -0.437369

Error results for SA
---------------------------
SA : Optimal = -0.070717, -0.650709, 1.947380, 0.555821, -0.643089, -1.089072, -0.613088, 0.378454, 0.711016, 0.914199, -1.983901, 0.003576, -2.602353, 0.655580, 0.806213, 0.243220, 0.970950, 3.028587, 0.888894, -0.280447, 1.291953, -0.464858, -1.650424, 0.204827, 1.398297, -0.898724, -0.026363, 2.015993, 0.755985, -1.282819, -0.016798, -0.210243, 0.704174, 0.007019, 0.759461, 1.451472, 0.502518, -0.859019, 0.807472, 2.405765, -0.746118, -1.982376, 0.444578, 0.038988, -0.702084, -0.597892, 3.152180, 2.224943, -0.709981, -3.155095, -2.956375, 2.193968, 0.652730, -1.386843, -0.053732, -0.887699, 1.147007, -1.693605, 2.000484, -2.110895, 0.061384, 3.368146, -1.824320, -2.221392, 4.914068, -0.444384, 0.501567, -0.888354, -3.444999, -4.436641, 1.992250, 0.595442, 2.149458, -1.904876, 5.700960, -2.861294, 1.545210, 0.438590, -0.069251, -3.356289, 0.698058, 0.434160, -0.083563, -1.143411, 4.666528, -1.270977, 1.978904, -0.325201, -1.534808, 1.657325, -0.868264, -1.161365, -0.412827, 1.479334, 0.728708, -0.279951, 0.347421, 1.477780, -1.373089, 2.638480, 2.194930, 1.202474, 1.804665, 1.769605, -5.057947, -0.244770, -0.757877, 3.756812, -1.686158, -0.356530, 3.524375, 1.985059, 0.989830, -0.744187, -0.254557, -0.709605, 1.914645, -0.707693, 0.515565

Error results for GA
---------------------------
GA : Optimal = 0.089594, 0.578013, 0.145833, 1.100390, -0.386083, -0.568750, -0.858685, -0.164757, 0.159683, -0.116681, -0.833279, -0.341052, 0.392654, 0.290227, -0.493945, 0.013373, -0.274921, -0.296061, -0.551468, -0.421418, 0.078483, -0.025248, 0.207686, -0.281606, 0.528808, -0.047539, 0.141429, 0.075286, -0.411949, 0.873770, -0.350330, -0.502100, -0.289951, 0.422191, -0.125055, 0.245173, 0.854643, -0.333183, 1.038105, 0.047481, 0.446139, -0.528903, 0.528630, -0.389796, 0.038171, -0.153481, 0.890202, 0.304855, -0.325879, -0.429157, -0.037628, 0.450307, 0.433039, -0.467577, 0.261589, -0.334695, 0.200299, 0.239677, 1.145818, -0.272399, 0.140150, -1.057799, -0.712845, 0.240087, -0.041445, -0.323346, -0.920348, -0.179577, 0.146248, 0.271421, -0.317994, 0.130551, -0.454321, -0.234846, -1.088097, -0.860697, 0.347050, -0.595317, 0.452082, 0.402355, -0.729400, -0.255512, -0.021208, 0.188500, 0.550356, 0.006689, 0.060194, -0.154892, -0.004094, -0.367740, -0.110506, 0.471741, -0.442734, 0.442055, -0.191897, 0.026010, -0.440088, 0.300141, -0.653723, 0.038863, 0.494495, -0.925371, 0.632820, -0.441018, -0.230639, 0.087157, -0.210657, 0.480150, -0.306540, 0.227610, 0.200271, 0.779283, 0.447715, 0.164624, 0.317869, -0.091601, 0.119713, -0.367030, -0.345868

Results for RHC:
Correctly classified 291.0 instances.
Incorrectly classified 267.0 instances.
Percent correctly classified: 52.151%
Training time: 9.089 seconds
Testing time: 0.002 seconds

Results for SA:
Correctly classified 288.0 instances.
Incorrectly classified 270.0 instances.
Percent correctly classified: 51.613%
Training time: 12.666 seconds
Testing time: 0.002 seconds

Results for GA:
Correctly classified 317.0 instances.
Incorrectly classified 241.0 instances.
Percent correctly classified: 56.810%
Training time: 210.268 seconds
Testing time: 0.001 seconds


Process finished with exit code 0


------------------------------------------------------------------------------------------------------

"C:\Program Files\Java\jdk1.8.0_131\bin\java" "-javaagent:C:\Program Files\JetBrains\IntelliJ IDEA Community Edition 2017.2.5\lib\idea_rt.jar=62043:C:\Program Files\JetBrains\IntelliJ IDEA Community Edition 2017.2.5\bin" -Dfile.encoding=UTF-8 -classpath "C:\Users\harsh\Desktop\ABAGAIL-master\bin;C:\Program Files\Java\jdk1.8.0_131\jre\lib\charsets.jar;C:\Program Files\Java\jdk1.8.0_131\jre\lib\deploy.jar;C:\Program Files\Java\jdk1.8.0_131\jre\lib\ext\access-bridge-64.jar;C:\Program Files\Java\jdk1.8.0_131\jre\lib\ext\cldrdata.jar;C:\Program Files\Java\jdk1.8.0_131\jre\lib\ext\dnsns.jar;C:\Program Files\Java\jdk1.8.0_131\jre\lib\ext\jaccess.jar;C:\Program Files\Java\jdk1.8.0_131\jre\lib\ext\jfxrt.jar;C:\Program Files\Java\jdk1.8.0_131\jre\lib\ext\localedata.jar;C:\Program Files\Java\jdk1.8.0_131\jre\lib\ext\nashorn.jar;C:\Program Files\Java\jdk1.8.0_131\jre\lib\ext\sunec.jar;C:\Program Files\Java\jdk1.8.0_131\jre\lib\ext\sunjce_provider.jar;C:\Program Files\Java\jdk1.8.0_131\jre\lib\ext\sunmscapi.jar;C:\Program Files\Java\jdk1.8.0_131\jre\lib\ext\sunpkcs11.jar;C:\Program Files\Java\jdk1.8.0_131\jre\lib\ext\zipfs.jar;C:\Program Files\Java\jdk1.8.0_131\jre\lib\javaws.jar;C:\Program Files\Java\jdk1.8.0_131\jre\lib\jce.jar;C:\Program Files\Java\jdk1.8.0_131\jre\lib\jfr.jar;C:\Program Files\Java\jdk1.8.0_131\jre\lib\jfxswt.jar;C:\Program Files\Java\jdk1.8.0_131\jre\lib\jsse.jar;C:\Program Files\Java\jdk1.8.0_131\jre\lib\management-agent.jar;C:\Program Files\Java\jdk1.8.0_131\jre\lib\plugin.jar;C:\Program Files\Java\jdk1.8.0_131\jre\lib\resources.jar;C:\Program Files\Java\jdk1.8.0_131\jre\lib\rt.jar" opt.test.AbaloneTest
trainingIterations: 500

Error results for RHC
---------------------------
RHC : Optimal = 0.058495, -0.015957, -0.191838, 0.223770, 0.705528, 0.246688, -0.393064, -0.118908, 0.868419, -0.065454, 0.467436, -0.506849, 0.488919, -0.160952, 0.451645, 0.481754, 0.081200, -0.163314, 0.336958, -0.499924, -0.023707, 0.481098, -0.459754, -0.191085, -0.201042, 0.012923, -0.233937, 0.484490, -0.387732, -0.214009, -0.074722, -0.468466, -0.140345, -0.008725, 0.499112, 0.479642, -0.305388, -0.180958, -0.115792, -0.250941, 0.008493, 0.241911, 0.437851, -0.316526, -0.330884, -0.488403, -0.459844, -0.234927, 0.477284, 0.318277, 0.223784, -0.087548, 0.005546, 0.073500, -0.509154, 0.127092, -0.077976, -0.151461, 0.470969, 0.502911, -0.850449, -0.392634, 0.153965, -0.161214, -0.491369, 0.503986, 0.190383, 0.312125, -0.100767, -0.111897, 0.085119, 0.100649, -0.381436, 0.083364, 0.329139, 0.823101, -0.364199, 0.375789, -0.345946, -0.131820, -0.455480, -0.597724, 0.268875, 0.075081, -0.585584, -0.124499, 0.205383, 0.367831, -0.242482, 0.058175, 0.151458, 0.465414, 0.086047, -0.023521, 0.234948, -0.192236, -0.268051, -0.397277, 0.394637, 0.009872, -0.094400, -0.141883, 0.348437, 0.314407, 0.099708, -0.065286, -0.062986, -0.086694, -0.064407, -0.167490, 0.002665, -0.383882, 0.495212, -0.158814, -0.088416, -0.223337, 0.408950, -0.444622, 0.436719

Error results for SA
---------------------------
SA : Optimal = -0.240967, 0.131626, 0.114068, 0.341218, 0.455215, -0.654617, 0.408390, -0.969902, -0.282930, 0.707642, -0.707487, 0.810986, 0.065464, 0.338583, 0.439792, -1.030796, -1.788430, 0.257955, -0.051420, -0.931867, 0.958785, -1.758045, -0.378022, -0.315148, 1.038361, 0.225668, 0.004064, 0.693713, -0.535149, 0.842759, 1.546696, 0.384462, 0.739357, 0.710149, 0.523612, -0.402083, 0.697134, -0.766955, -0.751975, 0.256828, 0.572661, 0.054421, 0.372361, -1.052568, 0.262292, -0.246589, 0.042607, -1.290852, 0.467520, 0.390882, 1.241241, -0.532999, 0.571941, 0.510190, -0.326473, 1.143538, -0.807297, -0.034480, -0.201637, -0.763357, 0.161467, 0.060535, 0.327677, 0.170442, 0.608023, -1.750115, -0.471061, 0.509789, 1.403675, 1.076338, 0.629029, -0.181952, 0.678971, 0.132741, 0.911573, -0.072391, 0.006094, -0.569164, 1.116008, 1.019217, 0.573585, -0.503355, 0.620002, -1.366888, 0.565627, -0.385686, 0.520139, -0.149072, -0.460608, -0.370334, 0.302682, -0.399585, 0.390726, 0.146448, -0.211592, -0.303541, -0.052309, -1.064534, -0.884890, -0.198015, -0.261933, -0.227027, -0.299319, -0.875063, -0.062618, 0.218018, -0.597921, 0.063389, -0.162861, -0.193465, 0.423625, 0.998747, 0.251706, -1.350548, 0.566274, 0.007087, -0.447818, 1.578876, 0.382383

Error results for GA
---------------------------
GA : Optimal = 0.237725, 0.322238, 0.475905, 0.041585, -0.305300, -0.249146, 0.118430, -0.380428, 0.391601, -0.106081, 0.003527, 0.402170, -0.152994, 0.231848, -0.044408, -0.092154, 0.490483, 0.262898, -0.457922, -0.091639, -0.128957, -0.221070, -0.474497, 0.338402, -0.113355, -0.241561, 0.217812, 0.235719, 0.414419, -0.172977, 0.174691, -0.241824, -0.397710, 0.399982, -0.051443, -0.054951, 0.488337, -0.386081, -0.450040, 0.102066, 0.169522, -0.482070, 0.428587, -0.008243, -1.094751, -0.269542, -0.141339, 0.099560, 0.441787, -0.372254, 0.154150, 0.031807, -0.216747, 0.104744, -0.020249, -0.457377, -0.279873, 0.021044, 0.481430, -0.159274, 0.492057, -0.478342, 0.343742, -0.233344, 0.406218, -0.294145, 0.348410, 0.126767, -0.390346, -0.429360, 0.051026, -0.267747, -0.519207, -0.115884, -0.746892, 0.067646, -0.048795, 0.488489, -0.040824, -0.080041, 0.182726, -0.285632, 0.260252, 0.358010, 0.620213, -0.392641, -0.174915, 0.057037, -0.369064, 0.003173, 0.138633, 0.161896, -0.068992, -0.457671, 0.061927, 0.074293, -0.326947, 0.215465, -0.130795, -0.487877, -0.197991, -0.278833, -0.211360, -0.100358, -0.009127, 0.447918, -0.178241, 0.339258, 0.014803, 0.202836, 0.464894, 0.272357, 0.226803, -0.432241, -0.057886, -0.203689, 0.233934, 0.041694, 0.078477

Results for RHC:
Correctly classified 147.0 instances.
Incorrectly classified 141.0 instances.
Percent correctly classified: 51.042%
Training time: 1.353 seconds
Testing time: 0.005 seconds

Results for SA:
Correctly classified 146.0 instances.
Incorrectly classified 142.0 instances.
Percent correctly classified: 50.694%
Training time: 1.453 seconds
Testing time: 0.001 seconds

Results for GA:
Correctly classified 148.0 instances.
Incorrectly classified 140.0 instances.
Percent correctly classified: 51.389%
Training time: 22.199 seconds
Testing time: 0.001 seconds

trainingIterations: 1000

Error results for RHC
---------------------------
RHC : Optimal = 0.185356, -0.479704, 0.203997, 0.319394, 0.185235, -0.372348, 0.165858, 0.265325, -0.221854, -0.184586, 0.365327, -0.101295, 0.283845, 0.142885, -0.497413, -0.100449, 0.444345, 0.350659, 0.265481, -0.223319, 0.194856, 0.023262, 0.270648, 0.106878, 0.132808, -0.256264, -0.338186, -0.389274, 0.047463, 0.287953, -0.253144, -0.081597, -0.257967, -0.066075, 1.154852, 0.361755, -0.022309, -0.121039, 0.001894, -0.032774, -0.028125, 0.398149, -0.269219, 0.154096, 0.480623, -0.239060, -0.033101, -0.427359, -0.488278, 0.396976, -0.259200, -0.011229, -0.217210, -0.144571, 0.165710, -0.082408, -0.672027, 0.138707, -0.331151, -0.456148, -0.019704, -0.133974, 0.430046, 0.224693, -0.150515, 0.224840, 0.340374, 0.303378, 0.370305, 0.157933, 0.037826, -0.283375, 0.164304, 0.175366, -0.081162, -0.013732, 0.063891, 0.548611, -0.468523, 0.245222, -0.068328, -0.691312, 0.238159, -0.412877, -0.116406, 0.306058, -0.064937, 0.034196, -0.254163, 0.169443, -0.685286, 0.103473, 0.074607, -0.313862, 0.123295, -0.177786, -0.489454, -0.479081, 0.159188, 0.086018, 0.475318, -0.227195, -0.487177, 0.491113, -0.022249, -0.284773, -0.140241, 0.377404, 0.492386, 0.427681, -0.150244, -0.185343, -0.165272, -0.478355, -0.225119, -0.505566, 0.555727, 0.171378, -0.242021

Error results for SA
---------------------------
SA : Optimal = -0.501348, 2.320583, 1.134605, 0.213822, -0.269079, -0.283008, 1.170146, 0.353596, -1.165737, -0.647255, -0.702159, -0.101965, 0.039404, -0.230520, -0.959344, -0.441299, -0.549058, 0.130977, 1.171507, -0.142155, -0.635021, 1.177888, -0.685904, 1.684988, -0.448927, 0.481809, 0.899876, -0.010575, -0.799657, -1.084508, 0.984513, -0.247384, 1.929983, -1.217222, -0.802330, -0.944301, -0.141703, -0.697658, 1.578252, -1.261528, 1.348307, 0.507810, -0.339834, -0.492796, 1.108772, -1.779906, -0.126147, -0.605101, 1.687626, -0.068571, -1.227871, -0.640384, 0.037036, -0.131210, 0.564107, 0.108328, -1.720799, 1.712516, 0.379561, -0.447669, 2.082141, 0.575217, -0.791990, 1.765286, -0.950304, -0.963842, 0.740275, 1.853311, 0.549492, -0.890057, 0.199480, 2.124593, 0.917691, -2.062551, 0.420583, 0.673529, -0.293370, -1.410118, -0.860778, -0.139680, -0.013022, 0.334039, 0.630218, 0.836273, -0.437810, 0.457947, 1.031005, 0.405887, -0.696403, 0.814311, 0.038425, -0.227025, 0.383896, 0.346052, -1.261785, 0.136610, -0.001967, 0.744430, 0.670959, -0.398435, 0.239702, -1.324633, 0.682521, 0.287285, 0.126289, -1.310517, -1.231360, 0.195242, 0.717124, 0.258887, -0.946000, 0.510938, -0.539482, -0.040765, 0.789822, -0.116139, 0.435826, -0.973250, -0.636883

Error results for GA
---------------------------
GA : Optimal = 0.102442, 0.691976, -0.452948, -0.243778, 0.272912, -0.289530, -0.347541, -0.507196, 0.074236, -0.234538, 0.639759, -0.548437, -0.134167, -0.093684, -0.359250, 0.053132, -0.128597, -0.354225, -0.241140, 0.214740, 0.070817, -0.298271, 0.345779, -0.474558, -0.512498, 0.368356, -0.304178, -0.443564, -0.430019, 0.048288, -0.204178, 0.035637, -0.623663, -0.028928, 0.129933, -0.388919, -0.077763, 0.817320, -0.183768, 0.270575, -0.419795, -0.307496, 0.175249, -0.245454, 0.038600, 0.043524, 0.172403, -0.480697, -0.290210, 0.576471, 0.001054, -0.273417, -0.140388, 0.301862, 0.492515, -0.369102, 0.376155, 0.492638, 0.032948, -0.895812, -0.320178, -0.468388, -0.304016, 0.220178, -0.435874, -0.368756, 0.026613, -0.452057, -0.143409, 0.438409, -0.722040, 0.047459, 0.260483, -0.095158, 0.424165, 0.053449, -0.455993, 0.048144, -0.254619, -0.314974, -0.442533, 0.280698, 0.000784, -0.097706, -0.561963, -0.343375, -0.213432, -0.368325, -0.017272, -0.237770, 0.160742, -0.456320, -0.280728, -0.238206, 0.296810, 0.232869, 0.384614, 0.154927, 0.347626, -0.437416, -0.205054, -0.078376, -0.065657, -0.987430, -0.368164, -0.280632, -0.438357, -0.264194, -0.161425, -0.484397, -0.210304, -0.021534, 0.148994, 0.393259, -0.184690, 0.266600, 0.064072, -0.159158, -0.384452

Results for RHC:
Correctly classified 148.0 instances.
Incorrectly classified 140.0 instances.
Percent correctly classified: 51.389%
Training time: 1.758 seconds
Testing time: 0.001 seconds

Results for SA:
Correctly classified 150.0 instances.
Incorrectly classified 138.0 instances.
Percent correctly classified: 52.083%
Training time: 1.932 seconds
Testing time: 0.001 seconds

Results for GA:
Correctly classified 148.0 instances.
Incorrectly classified 140.0 instances.
Percent correctly classified: 51.389%
Training time: 50.097 seconds
Testing time: 0.002 seconds

trainingIterations: 1500

Error results for RHC
---------------------------
RHC : Optimal = 0.181724, 0.210408, 0.376206, -0.085527, 0.482594, -0.433391, 0.178976, 0.252369, -0.232280, 0.052923, 0.213568, 0.081683, -0.325348, -0.107891, -0.086789, -0.028979, -0.475392, -0.398127, 0.652311, 0.202623, -0.460897, -0.476428, 0.342249, -0.421688, -0.624091, 0.005402, -0.031225, -0.129106, 0.395560, 0.326304, -0.325889, -0.102022, 0.256878, -0.384758, -0.089315, 0.451601, -0.415936, -0.125074, 0.159593, 0.050585, 0.359842, -0.010168, 0.168238, 0.286324, 0.405717, -0.160651, 0.360277, -0.141904, -0.377330, -0.140266, 0.089285, 0.490875, -0.668219, -1.059175, 0.414930, -0.476696, -0.610157, 0.099407, 0.297550, -0.277786, -0.340928, 0.303288, -0.409394, -0.343184, 0.136240, 0.497397, -0.292229, 0.452034, -0.031223, -0.470578, -0.239190, -0.082473, -0.242397, -0.441713, -0.485457, 0.184901, 0.137228, -0.198084, 0.363230, 0.481317, -0.360627, -0.230319, 0.002508, -0.476572, -0.279590, 0.073331, -0.278050, -0.131903, -0.391347, 0.153319, 0.275545, 0.440136, -0.074603, 0.031915, 0.100897, 0.372363, -0.387310, -0.489894, 0.252634, 0.239536, -0.438825, 0.062231, -0.208471, -0.254715, 0.472957, 0.050450, -0.471969, -0.070055, -0.082730, -0.219441, -0.042589, 0.007222, 0.240862, 0.351330, -0.242992, 0.231618, -0.326418, 0.718867, 0.171870

Error results for SA
---------------------------
SA : Optimal = -1.090406, -0.233607, 0.514652, -1.588900, 0.012991, 0.891285, 0.232774, -0.261441, -1.148592, 0.558454, -0.761116, 0.575338, 0.699080, -1.571030, -0.253331, 1.593726, -0.291849, 0.806009, 0.677530, -0.397078, 1.916889, -1.924101, 1.208187, -1.422855, 1.060565, -0.036727, -1.102424, 0.939269, 1.063354, 1.022148, 0.037866, 1.397819, 1.029732, -0.374928, -0.518395, -1.439820, 1.795034, -0.017670, -1.245864, 1.760715, 1.523965, -1.188081, 1.419267, -0.347510, 1.418301, -2.201001, 1.362672, 1.648176, -1.444757, 0.183909, 0.425818, 0.775579, -1.234630, 0.478498, 0.947793, -0.260600, -0.240456, 1.079882, -0.805002, 0.210162, 0.563854, -0.794388, 0.564203, -0.719809, -1.672208, 2.357835, 1.059943, -0.967660, -1.178709, -0.197789, 0.571324, -0.065554, -2.622814, 0.650688, 0.866056, 1.291514, -2.462684, 0.302806, 0.839574, 0.134669, -0.507330, -0.349164, 0.446904, -1.102537, 0.450206, 0.004003, -0.278858, -0.137242, -1.026367, -0.634898, -0.109614, 0.359613, 1.590104, 1.295133, 0.584899, 1.055128, -1.618728, 0.297752, 0.206489, 0.270692, 0.625650, 2.044271, 0.031074, 0.381666, -0.894361, -0.276773, 1.528697, -0.274746, -1.189405, 0.924198, 1.030265, 0.623606, 1.396908, -0.252616, 0.473599, -0.645942, -0.866318, -0.984633, -0.345602

Error results for GA
---------------------------
GA : Optimal = -0.467311, 0.379641, 0.437176, 0.065483, 0.303897, -0.145908, -0.399536, -0.000355, 0.234728, 0.302326, 0.222460, 0.415492, 0.498142, 0.464524, 0.391570, -0.351157, -0.047670, 0.056954, -0.260751, -0.182442, -0.069472, 0.741756, 0.810455, 0.101757, 0.679499, -0.533842, 0.255812, 0.153329, 0.067700, -0.174755, -0.121885, -0.112106, -0.045691, 0.710673, -0.089837, 0.444986, -0.204894, 0.350821, 0.064947, 0.256706, 0.287059, 0.066547, 0.265564, -0.416350, 0.201125, 0.103659, 0.367017, -0.119528, 0.196097, 0.481744, -0.045591, 0.406990, 0.395923, -0.039641, -0.262917, 0.191398, -0.246352, -0.069186, -0.039611, -0.409669, -0.081259, -0.367821, -0.864503, 0.623559, -0.366499, -0.151627, -0.595959, 0.356577, -0.259040, -0.571489, -0.496851, -0.027283, 0.201528, 0.369201, -0.583626, -0.015270, 0.239906, 0.164426, -0.657814, 0.532595, 0.317883, -0.211205, 0.289291, -0.146715, -0.038293, -0.058359, 0.072783, 0.205266, 0.595523, 0.157204, -0.790030, 0.185681, -0.350103, -0.165157, 0.159170, 0.684963, 0.355924, -0.053912, 0.538795, -0.077026, -0.038483, 0.001938, -0.261340, -0.176186, 0.368834, -0.185589, -0.297467, 0.030625, -0.676990, -0.051890, -0.416689, -0.640974, 0.603364, -0.028262, -0.294136, -0.244516, -0.233904, -0.044563, -0.200626

Results for RHC:
Correctly classified 153.0 instances.
Incorrectly classified 135.0 instances.
Percent correctly classified: 53.125%
Training time: 2.644 seconds
Testing time: 0.001 seconds

Results for SA:
Correctly classified 156.0 instances.
Incorrectly classified 132.0 instances.
Percent correctly classified: 54.167%
Training time: 3.111 seconds
Testing time: 0.001 seconds

Results for GA:
Correctly classified 155.0 instances.
Incorrectly classified 133.0 instances.
Percent correctly classified: 53.819%
Training time: 61.063 seconds
Testing time: 0.001 seconds

trainingIterations: 2000

Error results for RHC
---------------------------
RHC : Optimal = 0.367887, 0.262416, -0.261583, -0.322303, 0.082119, -0.030580, 0.262067, 0.183996, 0.262784, -0.213315, 0.066398, -0.087194, 0.378582, -0.478418, 0.284589, 0.189202, 0.489561, -0.642306, -0.031616, 0.438168, 0.102798, -0.458395, -0.454515, 0.144925, -0.016481, -0.445554, 0.059009, 0.320656, 0.357798, -0.190678, -0.059983, -0.470567, -0.039835, -0.123992, 0.449858, -0.249938, -0.137183, 0.378130, 0.015437, -0.304530, 0.324989, -0.227873, -0.130685, -0.143375, -0.474458, -0.138972, -0.059670, 0.201924, 0.130432, 0.298673, 0.290680, 0.182731, -0.281944, 0.325378, 0.357297, 0.196677, 0.187993, 0.242650, -0.191984, -0.057373, 0.412439, -0.585067, 0.115640, 0.376444, 0.044929, -0.040524, 0.221735, 0.126920, -0.592131, -0.002482, 0.309389, -0.004004, 0.905719, 0.429028, 0.354761, -0.654412, 0.275317, -0.394002, -0.183080, -0.357836, -0.348510, 0.489987, -0.040973, 0.292855, 0.427293, 0.243637, 0.455984, -0.029283, -0.010006, 0.349109, -0.169405, 0.283855, -0.102025, -0.332487, 0.321770, -0.144278, 0.170105, 0.164843, -0.090849, -0.124230, -0.380632, 0.474611, -0.325691, -0.018299, -0.302040, -0.189284, -0.280382, 0.479874, 0.200162, 0.419952, -0.298135, 0.169802, 0.303403, 0.373111, 0.091536, 0.198117, 0.141689, 0.369383, -0.034447

Error results for SA
---------------------------
SA : Optimal = -1.096942, 0.380438, -0.392712, 0.778262, 0.125955, 0.689431, 1.667751, 3.186813, -2.218784, 0.627513, -0.280951, 1.640865, -0.085344, 0.441289, 0.438647, 0.939280, 0.005411, 0.295997, -1.700428, 1.125268, 0.150102, -0.188189, -0.274877, 1.713731, -0.469588, -0.265610, 0.931376, -0.282983, -0.056412, -1.199558, 1.688566, -1.656063, -0.542805, 0.039602, 0.983068, -0.849863, -0.173125, -0.724494, 0.130120, 0.251891, -1.624701, 1.096083, 1.021062, -0.574557, -2.911957, -2.160507, 1.325476, 1.163436, -0.557932, 2.622997, 0.248559, -0.068070, -0.749673, 0.393189, 0.281159, -0.796344, -0.469749, 0.671737, -4.220313, -1.538702, 0.975226, -0.119328, -0.292571, 0.793095, -0.363747, 1.326529, 0.415285, -1.146942, -1.177250, -0.572241, -0.659411, 0.653526, -0.343150, -0.098880, 0.665018, 1.362686, -0.106020, 0.036053, 1.999877, 1.203800, -1.108129, 1.725057, -0.851423, -0.625897, 1.933045, 0.006686, -2.589685, -2.410740, -0.070486, 1.076385, -1.798554, 2.542933, -1.777176, 1.804362, 2.013362, -0.403221, 1.355478, -0.291687, 0.900458, 0.273212, -1.851790, -0.968014, 2.479156, -1.378502, -1.403008, 1.084442, -2.443923, 1.892465, 0.263848, -1.015515, -1.284181, -0.239357, -0.730508, 0.014410, -0.130357, -0.616258, 1.332717, -0.638402, 0.872964

Error results for GA
---------------------------
GA : Optimal = -0.164114, 0.050264, -0.396773, -0.315437, -0.014850, 0.394452, -0.019415, -0.020949, -0.216883, -0.447995, 0.155563, -0.324919, -0.242262, 0.860539, -0.218858, 0.148987, -0.022389, -0.213810, 0.481456, 0.325750, 0.430010, 0.369902, 0.214993, 0.062208, 0.067825, -0.204944, 0.371479, 0.408136, -0.302415, -0.329367, 0.357833, 0.483855, -0.278799, -0.327068, 0.221661, 0.090105, -0.350921, -0.367270, 0.033249, -0.347373, -0.411934, -0.483613, -0.397797, 0.202269, -0.444216, -0.467477, 0.302918, -0.293066, 0.445006, -0.347724, -0.503990, 0.071545, 0.468305, -0.066743, -0.843425, 0.311561, 0.669076, -0.292777, -0.573528, 0.440369, -0.261677, 0.188102, 0.788558, 0.293758, 0.339547, -0.307887, 0.161835, -0.097745, -0.467069, -0.393012, 0.400353, 0.051092, 0.575237, 0.271027, -0.553640, -0.400884, -0.019028, -0.384368, -0.308893, -0.522239, -0.215564, -0.398870, 0.236282, 0.113478, -0.476632, 0.577230, 0.167676, -0.172002, -0.430032, 0.237948, -0.603450, 0.107014, 0.324011, 0.224860, 0.224203, 0.373249, 0.253309, -0.029838, -0.182320, 0.345047, 0.386314, -0.256651, -0.590564, 0.489649, -0.663069, -0.613547, -0.029372, -0.422505, -0.040526, -0.397293, 0.020845, -0.115886, 0.782928, 0.183138, -0.179656, 0.242358, -0.205513, -0.026223, -0.148154

Results for RHC:
Correctly classified 154.0 instances.
Incorrectly classified 134.0 instances.
Percent correctly classified: 53.472%
Training time: 3.459 seconds
Testing time: 0.001 seconds

Results for SA:
Correctly classified 148.0 instances.
Incorrectly classified 140.0 instances.
Percent correctly classified: 51.389%
Training time: 4.557 seconds
Testing time: 0.001 seconds

Results for GA:
Correctly classified 148.0 instances.
Incorrectly classified 140.0 instances.
Percent correctly classified: 51.389%
Training time: 105.032 seconds
Testing time: 0.001 seconds

trainingIterations: 2500

Error results for RHC
---------------------------
RHC : Optimal = -0.230884, -0.063748, -0.163051, 0.451043, 0.485272, 0.494675, -0.079434, 0.233952, -0.159794, 0.439091, 0.091143, 0.026071, -0.218450, -0.443055, 0.292411, -0.305758, -0.010380, 0.160404, 0.287710, 0.157667, -0.364631, -0.081192, -0.076284, 0.232769, 0.184421, -0.075837, 0.042300, 0.468673, 0.154667, -0.268555, -0.488665, -0.057518, -0.295344, -0.065269, 0.093647, -0.313763, -0.319010, -0.205636, -0.236745, 0.160648, 0.285149, 0.013307, 0.319779, 0.465061, -0.166345, 0.261840, -0.818286, -0.221177, 0.180207, -0.496257, 0.014972, -0.133898, 0.244406, -0.492876, -0.317078, 0.392921, -0.076771, 0.448147, -0.091402, -0.099291, 0.183116, 0.023342, 0.633622, 0.045952, 0.408526, 0.031411, 0.077413, -0.384333, -0.298067, 0.936535, 0.337388, -0.282339, 0.320104, 0.131679, 0.333746, -0.191633, -0.443732, 0.383839, 0.152114, 0.473063, 0.291031, -0.402262, 0.229255, -0.016184, -0.350939, -0.236534, 0.005591, 0.377737, 0.079605, -0.166132, 0.028068, 0.324591, 0.447190, 0.105786, -0.159497, 0.384363, -0.362394, -0.138721, 0.022715, -0.032681, 0.306973, 0.324027, 0.181339, -0.447745, -0.300048, -0.130100, 0.314976, 0.493037, 0.276625, 0.345740, -0.444591, 0.049220, 0.482297, 0.294820, 0.146980, 0.544099, 0.370477, -0.120165, -0.337628

Error results for SA
---------------------------
SA : Optimal = -0.407431, 0.165532, 1.814308, -0.030960, 0.247882, -2.778693, 1.701305, -1.353887, -0.064467, 0.030411, 1.494693, 2.218635, -0.651296, 1.549795, -2.061095, 2.199996, -1.266387, -1.345621, -1.102196, -0.490943, -0.067754, 1.630966, 1.285182, 1.073537, -1.544759, 1.207538, 1.604771, 1.396727, -1.110494, 1.233711, 1.985499, 0.302067, -1.253234, 0.924153, -0.442283, 0.343202, -1.026941, -0.511803, -0.448573, 0.929961, -0.580413, -0.499221, -0.335618, -0.192296, -0.466135, 0.780882, 1.380283, 1.123528, 0.318235, 0.369829, -0.273083, -0.012529, -0.320180, -0.773914, -0.138588, -0.311497, 0.011787, 1.912825, 1.221526, 0.933672, 1.514216, -0.005175, -1.879997, 1.430667, 0.325223, -0.753798, 0.402531, 0.748861, -0.913197, -0.917980, -0.471093, -1.085115, -0.527618, -0.247697, -0.951259, 0.404486, -1.158821, 1.605897, 0.439335, -1.213681, 1.541921, 2.461452, -0.710369, 1.588070, -3.275494, 0.188913, -0.528803, -0.131175, -0.162312, -0.439878, -2.163396, -1.831477, 0.725877, -1.407625, -2.350790, 1.114172, -2.027893, 0.950956, -0.658557, -1.230867, 0.748899, 0.474478, 0.834678, 0.443361, 0.581732, 1.598628, -2.051014, -0.000630, 2.054695, -0.966043, -0.764870, 2.224748, 0.517305, -0.982173, 0.453417, 0.290784, -0.397355, -0.767073, -0.628629

Error results for GA
---------------------------
GA : Optimal = 1.075440, -0.076287, -0.264986, -0.380037, -0.244109, 0.487339, -0.312653, -0.645964, 0.135118, -0.115392, 0.437031, -0.346176, -0.095192, 0.235949, 0.277318, 0.307708, 0.554526, -0.793213, -0.055779, 0.204456, 0.291614, 0.153940, -0.446925, 0.115775, 1.117357, -0.397810, 0.310042, -0.098152, 0.727734, -0.171238, 0.058566, -0.062565, 0.585858, 0.104718, 0.458565, 0.168148, -0.024840, -0.634261, 0.220656, -0.220670, 0.052787, 0.059406, -0.173062, -0.106916, 0.131846, 0.322717, -0.023650, 0.296941, -0.493105, 0.356097, -0.191002, -0.355205, -0.848178, -0.168768, -0.229077, -0.436007, 0.577135, -0.001817, 0.167796, -0.665054, 0.365544, 0.099888, 0.337089, -0.410035, 0.381305, 0.832637, 0.320338, -0.424076, -0.253069, -0.216165, 0.191809, -0.419381, 0.252188, -0.340811, -0.205050, -0.492288, -0.055239, -0.012463, 0.180864, 0.241971, 0.097032, -0.187348, -0.387606, 0.375384, -0.667762, 0.406874, -0.085768, 0.150548, 0.347343, 0.446258, 0.190885, 0.329627, -0.695715, -0.707396, -0.298308, 0.218950, -0.292367, 0.343508, -1.170026, 1.215562, -0.168362, -0.483708, -0.329587, -0.169865, 0.324856, 0.906406, 0.448954, 0.112847, -0.048729, 0.290477, -0.079287, 0.169856, -0.451234, 0.092960, -0.037430, -0.194301, -0.086707, 0.114174, -0.449612

Results for RHC:
Correctly classified 148.0 instances.
Incorrectly classified 140.0 instances.
Percent correctly classified: 51.389%
Training time: 4.717 seconds
Testing time: 0.001 seconds

Results for SA:
Correctly classified 154.0 instances.
Incorrectly classified 134.0 instances.
Percent correctly classified: 53.472%
Training time: 5.582 seconds
Testing time: 0.001 seconds

Results for GA:
Correctly classified 148.0 instances.
Incorrectly classified 140.0 instances.
Percent correctly classified: 51.389%
Training time: 91.696 seconds
Testing time: 0.001 seconds

trainingIterations: 3000

Error results for RHC
---------------------------
RHC : Optimal = -0.071894, -0.244832, -0.355405, 0.403611, -0.130269, 0.281089, 0.436611, 0.114545, -0.187678, -0.432238, -0.144342, -0.296575, 0.147113, 0.307927, 0.150840, -0.001387, 0.459428, 0.412734, -0.403814, -0.158072, 0.463150, 0.489842, 0.111598, -0.237428, -0.660471, 0.132497, 0.322575, 0.232253, -0.071942, -0.061314, -0.476490, 0.312550, -0.406868, -0.577310, -1.160308, 0.447634, 0.481946, -0.041538, 0.074630, 0.343509, -0.077454, 0.425235, 0.084964, -0.132631, -0.458353, 0.404339, -0.344299, 0.402847, -0.373395, -0.107947, 0.491143, 0.492934, 0.632861, 0.180811, 0.349621, -0.023894, -0.284897, -0.231136, 0.134564, -0.161430, -0.224760, -0.421690, -0.210134, -0.215761, -0.600748, 0.089969, 0.424707, 0.326247, 0.110640, 0.370465, -0.093445, -1.391054, -0.832890, -0.223230, -0.046244, -0.067161, -0.050560, 0.311505, 0.492937, -0.317572, 0.395421, 0.231360, 0.013872, 0.180526, 0.135799, -0.180047, 0.464740, 0.423148, 0.440460, 0.471866, -0.115489, 0.308915, -0.057258, -0.482745, -0.302239, -0.441301, 0.233133, -0.377701, -0.425205, 0.122519, -0.068006, -0.242084, -0.231284, -0.335007, 0.106539, -0.332283, -0.118854, 0.384994, 0.328039, 0.485836, 0.079557, 0.410490, -0.372933, -0.483921, 0.458132, 0.136856, 0.375770, -0.349543, -0.051657

Error results for SA
---------------------------
SA : Optimal = -0.833111, 1.103727, -0.810945, 1.590304, 0.444242, -0.590628, 0.029827, -1.139962, 1.044077, 0.273345, 0.131544, 0.629696, -0.629941, -0.432668, -1.254359, 0.280874, -1.030751, -1.606688, 0.238311, 0.826081, 0.591297, -0.433621, 0.960273, 0.524230, -0.544617, -0.134046, 0.309999, 1.005287, -3.262672, -0.515018, 1.109918, -0.938325, 0.112883, 1.777054, 0.056867, -0.063185, -1.318679, -0.327378, -2.487319, -1.934164, -2.723263, -0.211176, 0.337032, 0.944549, -0.778917, -0.789432, 2.856054, 0.347243, 0.048903, -1.242227, -0.447258, 3.787482, 0.015337, -0.722222, -0.655933, -2.359167, -0.572157, -0.759819, -0.801503, -1.780825, -0.402896, 0.606975, 0.860647, 0.911228, -0.805687, -1.455084, 0.008387, 0.423300, -0.746250, 0.476690, -1.383396, 1.620466, -0.988290, -3.402602, -1.183336, 0.458487, 1.215511, 1.382766, -2.474728, -1.167413, 0.739726, -0.952808, -0.697770, 0.491073, -0.283799, 0.225453, 0.833496, 0.075488, 1.981266, -2.631256, 0.588951, -0.435450, -2.686119, -1.641286, -2.745331, -0.609395, -1.422757, -2.168447, -0.777671, 0.667020, 2.680866, -0.872787, 0.825093, 1.055773, -1.348428, -0.631162, 0.122554, 2.015121, -1.266976, -1.390503, 3.498867, 1.250872, 1.773306, -0.373219, 0.991436, -0.331610, -0.208167, -0.686750, -0.990336

Error results for GA
---------------------------
GA : Optimal = 0.319831, 0.425370, 0.491591, -0.332714, -0.598788, 0.695637, -0.282023, -0.191770, -0.494576, -0.246523, 0.105688, -0.116402, -0.282948, 0.144993, 0.253633, 0.654366, 0.300671, -0.313107, 0.534688, 0.443706, -0.035613, 0.281578, -0.202632, -1.094086, 0.016633, 0.432664, 0.333726, 0.282856, -0.721449, -0.158369, -0.447887, -0.258144, 0.360460, -0.136084, -0.160289, 0.344638, -0.149140, 0.128821, -0.463869, -0.600683, 0.744248, 0.098788, -0.354673, -0.669144, -0.044135, 0.379726, 0.588884, 0.560972, -0.824352, -0.608960, -0.621168, 0.048931, 0.655549, 0.414900, -0.592758, -0.661031, -0.475842, 0.239978, -0.016310, -0.526432, -0.342069, 0.956531, 0.549051, -0.172280, 0.915935, -0.448014, -0.357064, 0.357770, -0.708414, 0.733846, 0.153390, -0.108744, -0.258557, -0.103295, 0.609878, -0.610165, 0.152726, -0.235559, 0.370783, 0.587725, 0.302381, -0.203604, -0.379770, -0.225288, -0.172018, -0.300792, 0.383944, -0.104284, -0.484711, 0.474443, 0.414551, 0.488242, 0.890735, -0.628285, -0.002100, 0.010128, -0.261277, 0.762304, 0.398836, -0.725459, 0.107346, 0.176835, 0.383189, -0.694916, -0.090069, 0.039140, 0.280148, -0.332765, -0.380039, -0.196217, -0.845845, 0.154459, 0.141440, 0.053693, 0.046428, -0.189085, -0.000417, -0.089262, -0.495650

Results for RHC:
Correctly classified 167.0 instances.
Incorrectly classified 121.0 instances.
Percent correctly classified: 57.986%
Training time: 5.190 seconds
Testing time: 0.001 seconds

Results for SA:
Correctly classified 145.0 instances.
Incorrectly classified 143.0 instances.
Percent correctly classified: 50.347%
Training time: 6.770 seconds
Testing time: 0.001 seconds

Results for GA:
Correctly classified 148.0 instances.
Incorrectly classified 140.0 instances.
Percent correctly classified: 51.389%
Training time: 123.502 seconds
Testing time: 0.001 seconds

trainingIterations: 3500

Error results for RHC
---------------------------
RHC : Optimal = -0.075675, -0.104786, -0.274195, 0.346304, -0.303688, 0.069205, -0.162746, 0.049190, 0.219101, -0.432007, 0.004317, -0.291004, -0.240359, -0.457090, -0.373384, -0.323092, -0.054124, -0.383120, 0.177952, 0.495641, -0.012942, -0.097223, 0.296964, 0.570614, -0.175328, 0.074664, -0.117496, -0.631213, -0.214675, -0.217430, -0.121400, -0.284364, -0.301882, 1.538275, -0.435638, 0.057353, 0.133231, -1.198112, 0.433009, -0.470377, 0.314855, -0.243057, 0.774053, 0.150701, -0.117445, 0.302506, -0.372303, 0.079659, 0.060336, -0.167168, 0.117525, 0.369268, -0.464142, -0.059867, -0.332466, -0.023233, 0.690077, 0.346513, 0.177246, 0.368339, -0.247962, 0.530533, -0.055648, -0.371455, -0.082321, 0.393883, 0.122201, 0.148931, -0.225077, 0.152646, -0.096177, 0.667719, 0.092183, 0.232954, 0.311845, -1.242847, 0.320922, 0.183393, 0.215483, -0.131689, -0.236494, 0.006521, -0.177621, -0.422866, 0.135082, 0.425644, 0.254116, -0.230394, 0.242305, 0.181548, -0.382892, -0.265995, 0.000854, 0.065248, -1.143874, 0.381821, 0.102717, 0.479780, -0.156787, -0.270909, 0.496827, -0.057821, 0.333824, -0.358104, -0.442903, 0.086234, -0.173165, 0.385779, -0.245134, 0.407254, -0.312698, 0.082830, -0.306111, 0.201998, -0.246566, -0.361779, -0.472684, -0.041640, -0.336795

Error results for SA
---------------------------
SA : Optimal = -1.787359, -0.458748, 1.223680, 0.828398, -1.862529, 0.466898, -2.275284, -1.057360, -0.619155, 0.262314, -0.167996, 0.494727, 1.587526, -0.166146, 2.002764, -1.756158, 0.574611, 0.439754, -1.145068, -1.479862, -0.969997, 2.085439, 0.022364, -1.795333, 1.899863, -1.371544, 1.434675, -1.981029, 2.641100, -1.765252, -2.843691, 2.804360, 0.103744, -1.313562, -0.359774, -1.594978, 0.356591, 1.450729, 0.417435, 0.610650, -2.898075, -0.670330, -0.369653, -2.081072, 0.430650, 3.284028, 1.319821, -1.837958, -0.328360, 0.108240, 0.047440, -3.998344, -0.699177, -1.703247, -0.243925, -1.513754, -1.883620, 0.381230, -0.188067, -1.449402, -0.238687, -0.601780, 0.716069, 1.949223, 0.172460, 0.111337, -0.504063, 0.351588, -0.877571, 0.279497, 0.303696, 0.122214, 0.093418, -0.785669, 0.632127, 0.678961, 0.473972, 4.179457, -0.305086, -0.416743, -0.904552, -0.768408, -1.442721, -0.450386, -0.175185, -1.154752, -0.605864, -4.024185, -1.278194, 3.020852, 0.838044, 3.405219, 1.337103, -0.177268, 0.629751, 0.132137, 0.425490, 1.187526, 0.439118, -0.610131, -1.491036, -1.047834, 2.306653, 1.152467, 0.618289, -2.726609, -0.042891, -1.907219, 1.086649, 2.074286, -0.542800, 0.441448, -0.586962, -0.198731, -0.191339, 0.400925, 0.209824, -0.095547, 0.032042

Error results for GA
---------------------------
GA : Optimal = 0.707163, 0.212276, 0.629192, -0.358307, 0.840668, 0.499803, -0.279313, -0.002120, 0.331879, 0.780697, -0.494064, 0.421997, 0.052119, 0.719866, -0.549982, -0.572488, -1.365402, -0.137205, 0.204274, -0.381324, 0.052879, -0.218091, 0.463664, 0.399877, 0.018334, 0.107697, 0.159035, -0.275481, -0.036078, 0.053497, -0.191288, 0.207989, -0.963886, -0.301902, -0.105544, 0.058218, 0.480720, -0.735133, 0.092102, 0.081154, -0.688987, 0.510198, 1.072233, -0.147965, 0.394539, 0.136072, 0.384442, -0.034452, 0.591378, 0.120014, 1.094098, -0.344215, 0.865897, -0.552511, -0.225912, -0.496927, 0.143173, -0.646302, 0.806510, 0.571482, -0.278328, 0.413432, 0.305868, 0.713506, -0.034678, -0.167810, -0.073134, -0.311455, 0.234207, 0.384000, -0.367784, -0.301784, -0.382305, 0.100700, 0.567823, -0.476725, -0.069192, -0.531959, -0.349093, -0.160719, 0.649557, -0.366160, 0.319171, -0.688161, -0.389600, -0.121784, 0.411998, 0.545407, -0.552559, -0.696565, 0.029511, -0.159677, -0.337964, 0.209470, -0.025904, -0.380470, 0.051381, -0.135113, -0.385231, 0.136378, 0.714158, -0.204916, -0.375682, 0.204801, -0.178209, -0.485916, -0.016461, 0.263778, 0.328019, 0.281990, 0.936209, 0.267912, 0.107757, 0.092209, -0.222993, -0.145993, 0.109940, 0.042651, -0.331036

Results for RHC:
Correctly classified 155.0 instances.
Incorrectly classified 133.0 instances.
Percent correctly classified: 53.819%
Training time: 7.373 seconds
Testing time: 0.001 seconds

Results for SA:
Correctly classified 148.0 instances.
Incorrectly classified 140.0 instances.
Percent correctly classified: 51.389%
Training time: 9.978 seconds
Testing time: 0.002 seconds

Results for GA:
Correctly classified 148.0 instances.
Incorrectly classified 140.0 instances.
Percent correctly classified: 51.389%
Training time: 133.790 seconds
Testing time: 0.001 seconds

trainingIterations: 4000

Error results for RHC
---------------------------
RHC : Optimal = -0.336254, 0.011121, -0.658634, 0.192987, -0.398783, -0.535707, 0.318353, 0.430989, -0.259526, 0.273228, -0.326007, 0.221120, -0.053499, 0.132216, -0.171243, -0.130326, -0.496897, -0.183246, 0.056215, -0.479730, 0.287065, -0.004821, -0.205708, -0.098117, -0.001580, 0.438995, -0.201444, -0.173832, -0.163257, 0.227961, 0.048058, 0.071229, 0.425660, 0.239029, 0.433051, -0.485551, -0.199613, 1.054899, -0.472350, 0.211024, 0.018395, -0.344305, -0.208078, 0.244505, 0.302751, 0.056225, 0.244216, 0.120971, 0.408045, -0.108989, 0.169841, -0.105513, -0.577280, -0.297487, 0.128739, -0.292942, -0.679584, 0.487943, 0.542296, 0.278420, -0.451001, 0.195439, 0.701199, 0.746841, -0.241379, 0.663596, -0.295436, 0.426988, -0.035039, -0.496548, 0.094350, 0.010954, -0.338384, -0.017405, -0.314108, -0.218586, 0.112528, -0.174074, 0.115924, 0.353474, 0.138173, 0.232718, 0.316023, 0.425962, -0.410325, -0.117837, 0.328775, 0.370600, 0.368347, -0.311218, 0.010157, 0.056256, -0.494932, 0.218632, -0.092307, 0.041956, -0.255304, 0.349104, 0.312002, 0.125918, 0.403857, 0.459210, 0.058895, 0.131382, 0.306333, 0.422605, -0.378871, -0.387861, -0.297186, -0.057805, -0.477934, 0.442874, 0.215581, 0.341309, 0.217336, 0.620736, 0.104433, -0.293817, 0.701419

Error results for SA
---------------------------
SA : Optimal = 1.173824, 0.217898, -2.278649, 0.585811, -2.416560, -0.608779, 0.358426, -1.333968, -2.806506, 3.552094, 2.528657, 3.893048, 2.344647, -0.255729, 1.170524, -3.679648, 0.935437, 1.223138, -0.261154, 0.652950, -0.216561, -1.656887, -0.788077, -0.875617, 3.382559, -0.665079, 0.206455, 1.752908, -0.741544, 1.107427, -0.131518, 0.146458, 1.987120, 0.939955, -1.501914, 0.170118, 0.811023, -0.649718, 0.462006, -0.335639, -1.062824, -0.119670, 0.141139, 2.495863, -1.182864, 0.615289, -1.560439, 0.153300, -0.849873, 0.207758, 1.048316, 0.419855, 0.374352, -1.320762, -0.691588, 0.659526, 1.203824, 0.521762, 3.154879, -0.222685, -1.331308, -1.015470, 3.785863, 0.103629, 2.806536, 1.876469, 0.366956, -2.454776, -3.362941, 1.102861, -0.439537, -0.286331, 1.127981, -0.190425, 3.353255, 0.094067, 0.407678, -0.008674, 1.340704, 1.338405, 0.907744, 0.042062, 0.913458, -1.293861, 0.358498, 0.368465, 0.176813, -0.914739, 0.690391, 0.166173, -1.027906, -0.721473, 0.292858, 2.185701, 2.604114, -2.633600, -0.362657, 0.679130, 1.329746, 2.722620, -3.370577, 1.545290, -1.854819, -0.298350, -0.215794, 0.937002, 1.711787, -1.398223, 2.631277, -1.983792, -1.096570, 0.021805, -0.509144, -1.367332, 0.461232, 0.546716, -0.183092, 1.664639, -0.759592

Error results for GA
---------------------------
GA : Optimal = 0.702452, 0.343042, 0.565372, 0.049908, 0.907314, -0.531284, 0.418645, -0.468904, 0.040318, -0.205406, 0.048421, -0.338990, -0.365301, 0.211306, 0.425596, -0.334670, 0.144767, 0.142694, 0.838602, 0.237631, 0.013313, 0.476580, 0.192600, -0.523610, 0.556522, -0.405621, -0.597863, 0.791036, 0.086683, -0.513718, -0.117839, -0.078464, 0.147586, -1.007267, -0.105469, 0.027735, 0.454419, -0.340572, -0.328538, 0.359473, 0.676328, 0.029463, 0.489228, 0.094386, -0.250241, -0.373697, -1.106703, -0.630707, 0.636475, -0.194010, 0.799657, 0.284218, 0.142597, -0.214878, -0.422623, -0.062293, 0.252955, 0.117560, 0.813018, -0.146950, -0.464748, 0.307188, -0.392672, 0.109346, 0.989490, -0.515597, -0.804161, -0.015469, -0.320125, 0.264106, -0.601629, 0.323956, 0.636399, -0.791845, 0.453640, 0.309167, -0.361508, -0.682847, -0.230332, -1.269914, -0.847396, 0.621177, -0.070975, -0.142488, -0.052893, -0.195890, 0.132767, -0.037867, -0.350586, 0.357550, -0.247648, -0.549630, 0.594515, -0.139712, -0.640771, -0.282029, -0.112394, 0.522010, 1.091848, -0.449870, 0.414129, 0.168143, 0.068716, -0.547446, 0.597545, -0.003225, 0.601113, 0.032550, -0.194997, 0.554553, 0.176783, 0.307219, 0.485082, -0.196715, -0.004141, 0.031613, -0.183664, 0.096677, -0.435465

Results for RHC:
Correctly classified 168.0 instances.
Incorrectly classified 120.0 instances.
Percent correctly classified: 58.333%
Training time: 7.290 seconds
Testing time: 0.001 seconds

Results for SA:
Correctly classified 147.0 instances.
Incorrectly classified 141.0 instances.
Percent correctly classified: 51.042%
Training time: 9.768 seconds
Testing time: 0.001 seconds

Results for GA:
Correctly classified 148.0 instances.
Incorrectly classified 140.0 instances.
Percent correctly classified: 51.389%
Training time: 147.353 seconds
Testing time: 0.001 seconds

trainingIterations: 4500

Error results for RHC
---------------------------
RHC : Optimal = 0.468898, -0.477081, -0.069063, 0.689007, -0.260437, -0.221561, 0.366758, 0.079962, -0.272389, 0.077705, -0.176081, -0.396182, 0.150309, -0.546138, 0.101841, -0.271725, -0.189254, -0.053006, 1.219720, 0.316328, -0.215440, 0.123646, 0.161772, -0.229064, 0.009402, -0.387417, 0.048406, -0.548131, 0.169197, 0.132699, -0.066479, 0.165457, -0.358172, -0.797218, 0.038682, -0.091670, 0.294195, -0.625877, 0.093277, -0.066086, -0.342092, -0.331813, 0.201327, -0.107790, 0.275155, -0.384730, 0.340316, 0.353931, 0.090371, 0.468160, 0.109916, 0.283132, -0.035879, -0.462617, 0.091390, 0.006754, -0.228376, -0.051263, -0.039514, 0.060004, 0.451053, -0.276723, 0.051121, 0.692366, 0.391863, -0.705648, 0.351979, -0.287558, -0.403345, 0.738826, -0.096438, -0.476019, 0.773523, -0.144778, -0.165688, 1.102015, 0.124541, 0.183469, 0.165363, -0.558619, -0.033518, -0.430388, -0.397353, 0.143077, -0.314340, -0.389040, -0.130373, 0.415583, -0.099594, 0.337239, 1.077932, 0.601144, 0.429939, 0.339003, 0.696662, -0.481431, 0.377775, 0.413074, 0.038508, -0.481663, -0.363296, 0.376365, -0.493932, -0.388155, -0.243405, 0.186234, -0.050392, 0.498136, -0.319185, -0.319845, -0.092422, 0.083039, -0.030254, 0.435940, -0.351464, -0.243686, -0.366893, 0.496469, 0.364197

Error results for SA
---------------------------
SA : Optimal = -1.064356, 1.680760, 3.065666, -0.609424, 0.551322, -1.494330, 0.428442, 2.102330, -1.544994, -3.087372, 0.441184, 1.475883, 0.804150, 0.385117, -2.590817, -1.778118, 1.109933, 3.023592, 0.485321, -0.805957, 0.868952, -0.036263, 0.477487, 1.579153, 0.357534, -1.344560, 0.637109, 0.879260, 0.799380, 0.007974, 0.929016, -0.154605, -0.029031, 1.035301, 0.575905, -1.021843, -0.449543, 0.334067, -0.801652, -1.432505, 0.238406, 0.900966, 1.398119, -0.187358, -0.327465, 0.338103, -0.225950, 1.208298, -1.026167, -1.385682, 0.230058, 0.316742, -0.409715, 0.605515, 0.384516, 1.066761, -0.244134, 0.290658, -1.394877, 1.037221, -2.286741, -1.069600, 3.688410, -2.213009, 0.440557, -0.610414, 0.377354, 3.322649, 3.535931, -2.045493, 1.476245, 3.139259, -0.010815, -0.873238, 1.021761, 2.322513, -0.761109, -0.412856, 0.355402, 0.550898, 0.822600, 1.577949, 1.169821, 1.062520, 0.062726, -0.284920, -0.612072, 0.788236, -1.057847, -0.230876, 0.469079, -0.897996, -0.033700, -0.933789, 1.767450, -0.765575, -0.721867, -1.590050, -1.990159, -0.454561, 2.234125, 0.996046, 0.749602, -0.699940, 1.364244, -4.136135, -0.295270, 1.317052, -0.901785, 3.101201, 0.562081, -3.426227, 2.967628, -0.379880, 0.754160, -0.205998, -0.719194, 0.144440, -0.366029

Error results for GA
---------------------------
GA : Optimal = 0.245806, -0.065465, -0.017317, 1.021346, -0.358024, -0.187541, -0.043203, -0.307003, -0.477036, -0.677141, -0.149800, 0.575605, -0.126406, 0.043730, -0.175833, 0.499475, 0.883418, -0.331926, 0.031121, -0.019911, -0.005295, 0.273095, 0.231845, 0.224167, -0.348936, -0.068737, 0.110500, -0.095340, 0.110657, -0.214367, -0.160569, -0.820862, -0.315326, 0.111573, 0.084130, -0.528700, 0.133873, -0.437868, -0.102427, -0.412033, -0.265056, 0.321809, 0.597313, -0.560553, 0.904851, -1.521631, -0.383059, 0.920515, 0.234337, 0.332592, 0.294456, 1.230562, -0.621343, -0.175921, -0.861403, 0.080083, 0.002970, -0.269745, 1.607105, -0.656310, -0.612695, -0.651796, -0.162687, 0.443687, -0.083279, 0.478109, -0.464385, 0.184122, -0.509530, 0.252244, 0.203839, 0.748743, 0.193565, 0.492333, -0.381381, -0.332116, 0.476926, -0.469999, 0.536050, 0.113502, 0.101677, -0.392274, 0.289267, -0.116537, -1.428652, -0.265560, -0.376287, -0.127070, 0.257492, 0.117007, -0.689056, -0.685216, -0.066678, -0.442770, -0.144297, 0.061124, 0.078940, 0.038251, 0.809543, -0.097335, 0.196425, 0.004729, -0.744459, 0.616842, 0.312878, -0.029202, -0.338881, -0.161038, 0.396885, 0.831651, 0.585358, -0.416627, -0.075390, -0.040038, -0.001513, -0.252996, -0.079099, -0.042267, -0.286262

Results for RHC:
Correctly classified 154.0 instances.
Incorrectly classified 134.0 instances.
Percent correctly classified: 53.472%
Training time: 8.027 seconds
Testing time: 0.001 seconds

Results for SA:
Correctly classified 147.0 instances.
Incorrectly classified 141.0 instances.
Percent correctly classified: 51.042%
Training time: 10.270 seconds
Testing time: 0.001 seconds

Results for GA:
Correctly classified 148.0 instances.
Incorrectly classified 140.0 instances.
Percent correctly classified: 51.389%
Training time: 206.650 seconds
Testing time: 0.001 seconds

trainingIterations: 5000

Error results for RHC
---------------------------
RHC : Optimal = -0.272312, -0.395784, 0.275674, 0.239879, -0.337799, 0.378862, 0.473539, 0.420541, -0.119734, 0.434797, -0.171745, 0.305179, -0.061722, 0.159432, -0.159638, -0.246271, 0.229122, 0.124600, -0.092138, -0.371554, -0.155270, -0.030694, -0.461674, -0.496561, 0.581476, -0.197936, 0.268546, 0.464848, -0.036815, -0.414488, 0.215684, 0.171873, -0.136343, -0.124921, -0.217537, 0.474829, 0.016420, 0.514480, -0.435480, -0.206381, 0.485394, -0.406686, 0.126164, 0.148516, -0.061559, 0.120194, 0.307033, 0.204829, 0.397922, -0.335760, 0.299198, -0.055929, -0.436715, -0.434805, -0.373823, -0.393603, 0.113397, 0.126469, 0.267314, 0.362618, 0.311435, -0.181031, -0.440052, -0.231200, 0.181382, -0.035745, 0.320790, 0.432412, -0.497235, 0.717666, -0.006085, 0.893290, -0.326954, -0.470608, -0.450166, 0.008749, 0.174914, 0.114721, 0.228942, 0.057897, -0.310178, -0.268079, 0.308259, 0.075369, -0.463998, -0.454670, 0.408886, 0.103456, -0.174945, 0.261155, 0.009755, -0.369275, 0.430588, -0.175652, 0.327032, -0.288593, 0.291496, -0.152939, -0.176858, -0.302763, 0.447777, 0.248918, 0.225316, -0.133081, 0.259602, 0.262220, 0.083009, 0.110729, -0.449611, -0.090710, -0.425848, -0.202533, -0.264080, 0.302308, 0.426284, -0.413890, 0.354090, -0.462205, 0.008806

Error results for SA
---------------------------
SA : Optimal = 1.118734, 0.392923, 0.234788, -0.345314, 0.675056, 1.732506, 0.413347, -0.908445, 0.254912, -0.707653, -0.782420, 0.181056, 1.169755, -0.140358, -1.446207, -0.870037, 0.346673, -0.921767, -1.065331, 1.013613, -2.759711, 4.039600, -2.562381, -1.733659, 0.771261, 2.833495, -2.183137, -5.701556, 0.077113, -1.735725, -1.282003, 0.534913, -0.297249, 2.438288, -1.882043, 2.573909, -0.069323, -1.312561, -2.631163, -1.537724, -0.498719, 1.281082, -1.430721, 1.690971, 0.747953, -2.958473, 0.783544, 1.700037, 0.782987, -1.016993, -0.919893, 2.126482, -0.743305, -0.382868, -0.430514, 0.302614, -2.153036, 1.134784, 0.147878, -2.094246, -1.492695, -0.100209, 0.843374, -0.151462, 0.438993, -0.397424, -1.098271, 0.360607, 0.989826, -0.247012, -0.289859, -0.935199, 0.059738, -0.878604, -0.047163, 1.329315, 1.559016, -0.589870, -1.341640, -0.175667, 0.098890, 0.099470, 0.864142, 0.374000, 1.853162, -1.247307, -0.260545, -0.603329, 1.628180, -1.246407, -2.963349, -0.711914, -0.129549, 2.184740, 0.201814, -1.050667, -3.625597, 0.027352, 0.844814, 0.720319, -0.150755, -5.124313, -0.080677, -0.137212, 2.685492, -1.290794, 4.644481, -0.596286, -0.812337, -0.911891, 2.310835, 0.448753, -0.539206, 0.359316, 0.096973, 0.270721, 0.728474, -0.128990, 0.432098

Error results for GA
---------------------------
GA : Optimal = 0.527402, -0.764495, -0.409267, -0.248170, 0.562186, 0.356682, -0.105002, -0.111239, -0.430733, 0.381316, -0.310506, -0.090898, 0.169340, -0.298586, 0.803487, 0.445549, -0.364033, -0.359557, 1.118873, -0.166205, 0.365905, -0.376950, -0.616919, 0.355372, -0.065029, 0.411681, -0.403676, 0.110430, 0.054612, 0.679319, 0.235662, -0.710283, 0.307828, -0.436149, 0.420654, 0.453114, 0.314371, -0.391901, 0.282713, -1.323169, 0.213433, 0.276806, -0.612711, -0.810012, 0.412707, -0.389981, -0.392925, 0.069402, 0.576159, -0.029196, 0.052930, 0.299554, -0.046981, 0.933404, 0.068724, -0.059285, -0.204233, 0.274673, -0.451556, 0.298592, 0.323312, 0.039114, 0.106732, 0.373976, 0.540680, 0.356969, 0.259818, 0.458583, -0.432797, -0.415319, -0.365325, -0.242568, 0.143322, 0.659770, -0.212933, 0.402200, 0.001375, 0.053581, -0.775138, -0.168837, 0.156521, -0.423023, 1.215320, -0.451191, 0.199214, -0.237503, 0.253525, 0.025507, -0.147519, 0.101902, 0.007222, 0.160040, 0.049254, -0.513270, -0.852341, 0.803101, -0.051755, -0.266610, -0.442833, 0.096988, 0.122548, -0.433804, -0.534838, -0.116564, 0.490168, 0.332011, -0.371335, 0.478637, -0.287707, -1.025586, 0.223582, 0.606493, 0.349906, 0.024084, -0.110512, -0.014074, -0.038836, 0.087113, -0.385847

Results for RHC:
Correctly classified 152.0 instances.
Incorrectly classified 136.0 instances.
Percent correctly classified: 52.778%
Training time: 9.011 seconds
Testing time: 0.001 seconds

Results for SA:
Correctly classified 157.0 instances.
Incorrectly classified 131.0 instances.
Percent correctly classified: 54.514%
Training time: 10.663 seconds
Testing time: 0.001 seconds

Results for GA:
Correctly classified 148.0 instances.
Incorrectly classified 140.0 instances.
Percent correctly classified: 51.389%
Training time: 181.892 seconds
Testing time: 0.001 seconds


Process finished with exit code 0
